#SampleID	qiita_host_age	age
11052.3.20.13.rk.t	36.0	36.0
10317.000003639	58.0	58.0
550.L6S136.s.6.sequence	32.54	32.54
10317.000031067	42.0	42.0
11052.3.28.14.rk.t	37.0	37.0
10317.000003995	40.0	40.0
550.L5S164.s.5.sequence	33.41	33.41
550.L6S208.s.6.sequence	32.75	32.75
11052.12.16.13.rk.t	37.0	37.0
2024.visit5.MNIH60N.BFL112.O	20.0	20.0
10317.000002335	55.0	55.0
550.L6S86.s.6.sequence	32.39	32.39
550.L6S25.s.6.sequence	32.2	32.2
10317.000002320	68.0	68.0
550.L5S265.s.5.sequence	32.02	32.02
1841.T20762	21.0	21.0
550.L5S276.s.5.sequence	32.07	32.07
1841.T20835	20.0	20.0
1841.T20837	23.0	23.0
1841.T20830	20.0	20.0
1841.T20831	21.0	21.0
1841.T20838	20.0	20.0
1841.T20839	29.0	29.0
11052.3.21.13.rk.t	36.0	36.0
1841.T20389	21.0	21.0
10317.000036127	41.0	41.0
10317.000023302	35.0	35.0
2024.final.MNIH51N.BFG10S.O	21.0	21.0
11052.3.20.14.rk.t	37.373	37.373
10317.000005972	56.0	56.0
550.L6S132.s.6.sequence	32.53	32.53
1841.T21019	23.0	23.0
10317.000009723	39.0	39.0
2024.final.MNIH60N.BFG10W.infant.O	20.0	20.0
1841.T21013	27.0	27.0
2202.Saliva249	26.0	26.0
2202.Saliva248	26.0	26.0
2202.Saliva77	26.0	26.0
2024.visit4.MNIH55N.BFE111.O	34.0	34.0
11052.2.1.14.rk.t	37.244	37.244
2024.final.MNIH94NP.BFG105.O	21.0	21.0
2024.visit5.MNIH88NP.BFL10E.O	27.0	27.0
1841.T21121	55.0	55.0
550.L6S169.s.6.sequence	32.64	32.64
1841.T21122	21.0	21.0
550.L6S84.s.6.sequence	32.38	32.38
2010.1245	34.0	34.0
1841.T21128	22.0	22.0
550.L5S130.s.5.sequence	33.25	33.25
550.L5S202.s.5.sequence	33.54	33.54
1774.L574.Oral.Puer	22.0	22.0
1841.T21468	22.0	22.0
1841.T21469	23.0	23.0
550.L6S303.s.6.sequence	33.02	33.02
1841.T21465	20.0	20.0
550.L6S74.s.6.sequence	32.35	32.35
10317.000004986	61.0	61.0
1774.6Oral22.10.09	33.0	33.0
550.L6S180.s.6.sequence	32.67	32.67
10317.000068790	39.0	39.0
550.L6S51.s.6.sequence	32.29	32.29
2202.Saliva93	26.0	26.0
550.L6S91.s.6.sequence	32.41	32.41
550.L6S36.s.6.sequence	32.25	32.25
2202.Saliva94	26.0	26.0
2202.Saliva96	26.0	26.0
2202.Saliva99	26.0	26.0
10317.000068020	26.0	26.0
1841.T20774	21.0	21.0
2024.final.MNIH21U.BFG11E.O	20.0	20.0
1841.T20263	32.0	32.0
550.L5S277.s.5.sequence	32.08	32.08
2010.2379	23.0	23.0
550.L6S143.s.6.sequence	32.56	32.56
1841.T21264	22.0	22.0
550.L6S276.s.6.sequence	32.95	32.95
10317.000022535	51.0	51.0
10317.000009058	49.0	49.0
2010.2401	23.0	23.0
550.L6S162.s.6.sequence	32.62	32.62
550.L6S280.s.6.sequence	32.96	32.96
10317.000068651	57.0	57.0
550.L6S9.s.6.sequence	32.15	32.15
11052.10.10.13.rk.tB	36.0	36.0
10317.000010171	39.0	39.0
11052.10.3.13.rk.t	36.0	36.0
1841.T20881	20.0	20.0
2024.visit3.MNIH82NP.BFD117.O	18.0	18.0
10317.000007846	37.0	37.0
1841.T21396	19.0	19.0
1841.T21397	26.0	26.0
11052.11.15.13.rk.t	36.0	36.0
550.L6S22.s.6.sequence	32.19	32.19
2010.2579	21.0	21.0
1841.T20710	22.0	22.0
2202.Saliva247	26.0	26.0
2024.visit4.MNIH37U.BFE10F.O	20.0	20.0
550.L5S226.s.5.sequence	33.63	33.63
1841.T20873	36.0	36.0
10317.000002102	61.0	61.0
11052.12.7.13.rk.t	37.0	37.0
2024.final.MNIH48N.BFG10E.O	30.0	30.0
2010.1988	32.0	32.0
2202.Saliva246	26.0	26.0
10317.000053438	60.0	60.0
1841.T20883	23.0	23.0
10317.000004060	66.0	66.0
11052.1.15.14.rk.t	37.197	37.197
10317.000069436	68.0	68.0
1841.T21482	20.0	20.0
1841.T21483	23.0	23.0
550.L5S224.s.5.sequence	33.62	33.62
1841.T21486	23.0	23.0
1841.T21484	23.0	23.0
1841.T21488	23.0	23.0
550.L6S281.s.6.sequence	32.96	32.96
550.L6S284.s.6.sequence	32.97	32.97
10317.000073347	38.0	38.0
11052.11.10.13.rk.t	36.0	36.0
550.L6S109.s.6.sequence	32.46	32.46
1841.T20738	23.0	23.0
1841.T20606	21.0	21.0
10317.000009076	31.0	31.0
1774.359.Oral.Puer	18.0	18.0
1841.T20733	36.0	36.0
2010.2799	23.0	23.0
10317.000036684	68.0	68.0
1841.T21154	21.0	21.0
2010.1217	27.0	27.0
10317.000010977	60.0	60.0
550.L6S140.s.6.sequence	32.55	32.55
2010.1393	27.0	27.0
2202.Saliva240	26.0	26.0
1841.T21157	37.0	37.0
550.L6S64.s.6.sequence	32.33	32.33
10317.000015206	60.0	60.0
11052.10.14.13.rk.t	36.0	36.0
1841.T20602	22.0	22.0
2024.visit1.MNIH51N.BFB10C.O	21.0	21.0
550.L6S2.s.6.sequence	32.12	32.12
1841.T20605	20.0	20.0
550.L6S322.s.6.sequence	33.14	33.14
2202.Saliva199	26.0	26.0
2010.1850	32.0	32.0
10317.000007771	37.0	37.0
11052.10.7.13.rk.t	36.0	36.0
2024.visit2.MNIH86NP.BFC10H.O	25.0	25.0
1841.T20931	20.0	20.0
2202.Saliva242	26.0	26.0
1841.T20930	20.0	20.0
1841.T21432	23.0	23.0
550.L6S54.s.6.sequence	32.3	32.3
10317.000014002	58.0	58.0
550.L5S161.s.5.sequence	33.41	33.41
1841.T20515	22.0	22.0
1841.T20513	23.0	23.0
1841.T20512	21.0	21.0
2010.1487	27.0	27.0
10317.000066864	29.0	29.0
2024.visit1.MNIH56N.BFB10K.O	21.0	21.0
550.L5S137.s.5.sequence	33.27	33.27
10317.000010915	60.0	60.0
10317.000068653	59.0	59.0
1841.T20383	37.0	37.0
10317.000037945	51.0	51.0
10317.000015153	25.0	25.0
2202.Saliva244	26.0	26.0
550.L6S112.s.6.sequence	32.47	32.47
550.L5S240.s.5.sequence	31.95	31.95
1841.T20888	21.0	21.0
550.L5S203.s.5.sequence	33.54	33.54
2202.Saliva195	26.0	26.0
2024.final.MNIH14UP.BFG10L.O	18.0	18.0
10317.000005842	35.0	35.0
1774.48Oral23.10.09	22.0	22.0
10317.000014193	58.0	58.0
10317.000005946	62.0	62.0
10317.000074185	55.0	55.0
1841.T21438	27.0	27.0
10317.000023665	65.0	65.0
10317.000031868	67.0	67.0
2024.visit4.MNIH43N.BFE10V.O	29.0	29.0
10317.000020485	43.0	43.0
2202.Saliva197	26.0	26.0
10317.000031867	65.0	65.0
2202.Saliva147	26.0	26.0
2024.visit1.MNIH34U.BFB11N.O	22.0	22.0
2202.Saliva144	26.0	26.0
10317.000002221	60.0	60.0
2202.Saliva145	26.0	26.0
11052.2.24.14.rk.t	37.307	37.307
550.L6S171.s.6.sequence	32.64	32.64
2024.birth.MNIH87NP.BFF10G.O	25.0	25.0
550.L6S236.s.6.sequence	32.83	32.83
2202.Saliva128	26.0	26.0
2202.Saliva129	26.0	26.0
2202.Saliva124	26.0	26.0
2202.Saliva125	26.0	26.0
2202.Saliva126	26.0	26.0
2202.Saliva127	26.0	26.0
2202.Saliva120	26.0	26.0
2202.Saliva121	26.0	26.0
2202.Saliva122	26.0	26.0
2202.Saliva123	26.0	26.0
1774.177.Oral.Puer	50.0	50.0
11052.2.18.14.rk.t	37.29	37.29
1841.T20064	22.0	22.0
550.L6S110.s.6.sequence	32.46	32.46
2024.visit4.MNIH92NP.BFE10P.O	31.0	31.0
1841.T21003	20.0	20.0
1841.T21000	20.0	20.0
1841.T20288	22.0	22.0
2202.Saliva230	26.0	26.0
2202.Saliva232	26.0	26.0
2202.Saliva233	26.0	26.0
550.L6S306.s.6.sequence	33.03	33.03
2024.birth.MNIH31U.BFF10D.O	23.0	23.0
2024.visit4.MNIH31U.BFE10X.O	23.0	23.0
2010.3167	31.0	31.0
1841.T21010	21.0	21.0
550.L6S321.s.6.sequence	33.09	33.09
550.L5S188.s.5.sequence	33.5	33.5
1841.T21139	20.0	20.0
1841.T20841	36.0	36.0
550.L6S323.s.6.sequence	33.14	33.14
550.L5S178.s.5.sequence	33.47	33.47
550.L6S199.s.6.sequence	32.72	32.72
1841.T20487	18.0	18.0
2024.visit1.MNIH57N.BFB10L.O	24.0	24.0
550.L6S183.s.6.sequence	32.68	32.68
2202.Saliva87	26.0	26.0
2202.Saliva84	26.0	26.0
2202.Saliva82	26.0	26.0
2202.Saliva80	26.0	26.0
2202.Saliva81	26.0	26.0
2024.visit5.MNIH48N.BFL110.O	30.0	30.0
2024.visit1.MNIH18UP.BFB110.O	22.0	22.0
2202.Saliva254	26.0	26.0
2202.Saliva88	26.0	26.0
2202.Saliva89	26.0	26.0
1841.T20353	30.0	30.0
1841.T20352	20.0	20.0
1841.T20354	20.0	20.0
1841.T21258	21.0	21.0
1841.T21256	19.0	19.0
11052.10.12.13.rk.t	36.0	36.0
10317.000007081	48.0	48.0
1841.T21250	24.0	24.0
10317.000052294	70.0	70.0
10317.000052291	72.0	72.0
2202.Saliva241	26.0	26.0
1841.T20890	22.0	22.0
2010.2148	22.0	22.0
550.L5S133.s.5.sequence	33.26	33.26
10317.000002808	65.0	65.0
2202.Saliva243	26.0	26.0
10317.000004010	35.0	35.0
10317.000044362	67.0	67.0
550.L5S185.s.5.sequence	33.49	33.49
550.L6S7.s.6.sequence	32.13	32.13
11052.12.19.13.rk.t	37.0	37.0
10317.000076219	52.0	52.0
2024.visit2.MNIH52N.BFC10N.O	22.0	22.0
1841.T20721	22.0	22.0
11052.10.18.13.rk.t	36.0	36.0
550.L6S224.s.6.sequence	32.8	32.8
2024.visit4.MNIH48N.BFE108.O	30.0	30.0
550.L6S182.s.6.sequence	32.67	32.67
11052.12.22.13.rk.t	37.0	37.0
2024.visit4.MNIH34U.BFE11B.O	22.0	22.0
10317.000023669	41.0	41.0
550.L5S216.s.5.sequence	33.59	33.59
1774.485.Oral.Puer	23.0	23.0
10317.000058403	73.0	73.0
2024.visit1.MNIH84NP.BFB112.O	22.0	22.0
1841.T20938	21.0	21.0
550.L6S160.s.6.sequence	32.61	32.61
550.L6S262.s.6.sequence	32.9	32.9
550.L6S240.s.6.sequence	32.84	32.84
11052.11.26.13.rk.t	37.0	37.0
550.L6S260.s.6.sequence	32.9	32.9
2202.Saliva259	26.0	26.0
11052.12.28.13.rk.t	37.0	37.0
550.L5S205.s.5.sequence	33.54	33.54
1841.T20700	23.0	23.0
550.L5S193.s.5.sequence	33.51	33.51
10317.000049842	69.0	69.0
2024.final.MNIH54N.BFG107.O	28.0	28.0
1841.T20891	21.0	21.0
550.L6S273.s.6.sequence	32.94	32.94
550.L5S136.s.5.sequence	33.27	33.27
2024.birth.MNIH92NP.BFF112.O	31.0	31.0
2202.Saliva180	26.0	26.0
2024.visit2.MNIH99NP.BFC11H.O	26.0	26.0
2024.visit2.MNIH93NP.BFC117.O	24.0	24.0
1841.T20614	22.0	22.0
2010.3116	31.0	31.0
1841.T20616	22.0	22.0
10317.000069079	22.0	22.0
1841.T20611	21.0	21.0
1841.T20612	20.0	20.0
1841.T20613	21.0	21.0
550.L6S209.s.6.sequence	32.75	32.75
1841.T20619	21.0	21.0
2024.visit3.MNIH02UP.BFD100.O	19.0	19.0
11052.2.25.14.rk.t	37.31	37.31
1774.111.Oral.Puer	34.0	34.0
11052.12.9.13.rk.t	37.0	37.0
10317.000009474	66.0	66.0
11052.1.17.14.rk.t	37.203	37.203
550.L6S17.s.6.sequence	32.18	32.18
2010.1688	22.0	22.0
550.L6S35.s.6.sequence	32.24	32.24
1841.T20508	22.0	22.0
2024.birth.MNIH62O.BFF10K.O	31.0	31.0
1841.T20707	23.0	23.0
1841.T20501	21.0	21.0
1841.T20502	21.0	21.0
1841.T20504	20.0	20.0
1841.T20506	22.0	22.0
1841.T20507	21.0	21.0
2024.visit1.MNIH93NP.BFB11G.O	24.0	24.0
11052.11.9.13.rk.t	36.0	36.0
2024.final.MNIH50N.BFG10A.O	25.0	25.0
550.L6S6.s.6.sequence	32.13	32.13
2202.Saliva22	26.0	26.0
2024.visit3.MNIH59N.BFD10A.O	20.0	20.0
10317.000013052	41.0	41.0
550.L6S228.s.6.sequence	32.81	32.81
10317.000005717	52.0	52.0
2024.visit3.MNIH85NP.BFD10T.O	20.0	20.0
550.L5S166.s.5.sequence	33.42	33.42
11052.4.6.14.rk.t	37.419	37.419
1841.T20346	22.0	22.0
11052.10.16.13.rk.tA	36.0	36.0
11052.10.16.13.rk.tB	36.0	36.0
550.L6S21.s.6.sequence	32.19	32.19
550.L5S280.s.5.sequence	32.09	32.09
550.L6S229.s.6.sequence	32.81	32.81
2202.Saliva28	26.0	26.0
2024.visit1.MNIH58N.BFB10M.O	18.0	18.0
2024.final.MNIH90NP.BFG117.O	25.0	25.0
10317.000036208	47.0	47.0
2024.final.MNIH96NP.BFG11H.O	22.0	22.0
10317.000068947	39.0	39.0
2024.visit3.MNIH37U.BFD10K.O	20.0	20.0
550.L6S215.s.6.sequence	32.77	32.77
1841.T21306	21.0	21.0
10317.000063240	31.0	31.0
1841.T21069	23.0	23.0
10317.000002532	52.0	52.0
11052.1.29.14.rk.t	37.0	37.0
550.L6S297.s.6.sequence	33.0	33.0
550.L5S207.s.5.sequence	33.55	33.55
10317.000033392	58.0	58.0
550.L6S174.s.6.sequence	32.65	32.65
1841.T21033	23.0	23.0
1841.T21030	23.0	23.0
1841.T21036	27.0	27.0
1841.T21007	22.0	22.0
1841.T21038	22.0	22.0
1774.381.Oral.Puer	20.0	20.0
2024.visit4.MNIH20UP.BFE100.O	20.0	20.0
1841.T21462	22.0	22.0
2202.Saliva139	26.0	26.0
2202.Saliva138	26.0	26.0
2202.Saliva137	26.0	26.0
2202.Saliva136	26.0	26.0
2202.Saliva135	26.0	26.0
2202.Saliva134	26.0	26.0
2202.Saliva133	26.0	26.0
2202.Saliva131	26.0	26.0
2202.Saliva130	26.0	26.0
10317.000011978	53.0	53.0
10317.000007837	37.0	37.0
10317.000007833	37.0	37.0
10317.000007830	37.0	37.0
2024.visit2.MNIH92NP.BFC116.O	31.0	31.0
11052.12.13.13.rk.t	37.0	37.0
10317.000003818	53.0	53.0
550.L6S257.s.6.sequence	32.89	32.89
2024.visit2.MNIH02UP.BFC10P.O	19.0	19.0
2202.Saliva189	26.0	26.0
2202.Saliva229	26.0	26.0
2202.Saliva228	26.0	26.0
2202.Saliva9	26.0	26.0
2202.Saliva8	26.0	26.0
550.L6S78.s.6.sequence	32.37	32.37
550.L5S278.s.5.sequence	32.08	32.08
2202.Saliva5	26.0	26.0
2202.Saliva4	26.0	26.0
2202.Saliva221	26.0	26.0
2202.Saliva6	26.0	26.0
2202.Saliva1	26.0	26.0
2202.Saliva226	26.0	26.0
2202.Saliva3	26.0	26.0
1841.T20290	22.0	22.0
1841.T20291	21.0	21.0
1841.T20294	32.0	32.0
1841.T20296	21.0	21.0
1841.T20297	55.0	55.0
1774.56.Oral.Puer	30.0	30.0
2010.3179	31.0	31.0
2202.Saliva265	26.0	26.0
550.L6S293.s.6.sequence	32.99	32.99
1841.T21106	20.0	20.0
1841.T21105	32.0	32.0
10317.000007152	38.0	38.0
2024.visit5.MNIH97NP.BFL10H.O	28.0	28.0
2024.visit4.MNIH87NP.BFE10A.O	25.0	25.0
1841.T21109	21.0	21.0
2202.Saliva91	26.0	26.0
1841.T21243	24.0	24.0
1841.T21245	33.0	33.0
550.L6S103.s.6.sequence	32.44	32.44
10317.000023062	67.0	67.0
2202.Saliva92	26.0	26.0
10317.000068851	31.0	31.0
550.L5S234.s.5.sequence	31.94	31.94
550.L5S229.s.5.sequence	33.63	33.63
10317.000022131	60.0	60.0
2024.visit2.MNIH48N.BFC10W.O	30.0	30.0
2024.birth.MNIH61O.BFF107.O	36.0	36.0
10317.000034599	32.0	32.0
2202.Saliva78	26.0	26.0
2202.Saliva97	26.0	26.0
2010.2901	24.0	24.0
2202.Saliva73	26.0	26.0
2202.Saliva72	26.0	26.0
2202.Saliva71	26.0	26.0
2202.Saliva70	26.0	26.0
2010.2317	23.0	23.0
2202.Saliva76	26.0	26.0
2202.Saliva75	26.0	26.0
2202.Saliva74	26.0	26.0
1841.T20341	25.0	25.0
550.L5S235.s.5.sequence	31.94	31.94
1841.T20347	55.0	55.0
2202.Saliva98	26.0	26.0
2202.Saliva250	26.0	26.0
10317.000003104	30.0	30.0
550.L5S160.s.5.sequence	33.4	33.4
550.L6S189.s.6.sequence	32.7	32.7
11052.10.10.13.rk.tA	36.0	36.0
550.L5S243.s.5.sequence	31.96	31.96
10317.000031838	63.0	63.0
10317.000003236	57.0	57.0
2010.2959	23.0	23.0
10317.000072297	31.0	31.0
10052.MG.O12	45.0	45.0
550.L6S63.s.6.sequence	32.32	32.32
10317.000013341	62.0	62.0
550.L5S237.s.5.sequence	31.95	31.95
10317.000001933	53.0	53.0
550.L6S177.s.6.sequence	32.66	32.66
550.L6S102.s.6.sequence	32.44	32.44
550.L6S211.s.6.sequence	32.76	32.76
10317.000052307	83.0	83.0
2202.Saliva260	26.0	26.0
1841.T20203	21.0	21.0
550.L6S163.s.6.sequence	32.62	32.62
10317.000072314	42.0	42.0
1841.T20755	20.0	20.0
1841.T20754	22.0	22.0
1841.T20757	21.0	21.0
1841.T20756	23.0	23.0
1841.T20753	20.0	20.0
1841.T20752	20.0	20.0
2010.2045	34.0	34.0
1841.T20759	22.0	22.0
2024.visit4.MNIH50N.BFE109.O	25.0	25.0
550.L5S222.s.5.sequence	33.61	33.61
2024.visit2.MNIH57N.BFC108.O	24.0	24.0
10317.000040508	52.0	52.0
2024.visit3.MNIH14UP.BFD11A.O	18.0	18.0
550.L5S123.s.5.sequence	33.21	33.21
2024.visit4.MNIH54N.BFE103.O	28.0	28.0
10317.000050216	35.0	35.0
10317.000028876	66.0	66.0
550.L5S217.s.5.sequence	33.6	33.6
1841.T20822	21.0	21.0
1841.T20209	25.0	25.0
550.L5S134.s.5.sequence	33.26	33.26
1841.T20208	20.0	20.0
550.L5S150.s.5.sequence	33.33	33.33
10317.000004208	76.0	76.0
11052.10.25.13.rk.t	36.0	36.0
10317.000052304	69.0	69.0
11052.10.8.13.rk.t	36.0	36.0
1774.524.Oral.Puer	20.0	20.0
1774.58Oral24.10.09	26.0	26.0
10317.000022130	59.0	59.0
10317.000009106	36.0	36.0
11052.2.26.14.rk.t	37.312	37.312
10317.000015225	53.0	53.0
10317.000006975	67.0	67.0
2010.1839	32.0	32.0
1841.T20806	22.0	22.0
2024.visit2.MNIH50N.BFC10D.O	25.0	25.0
550.L6S298.s.6.sequence	33.01	33.01
550.L6S246.s.6.sequence	32.86	32.86
550.L5S128.s.5.sequence	33.22	33.22
2010.1301	34.0	34.0
550.L6S153.s.6.sequence	32.59	32.59
10317.000052302	60.0	60.0
2010.1307	27.0	27.0
1841.T20671	21.0	21.0
550.L5S273.s.5.sequence	32.07	32.07
2024.visit1.MNIH45N.BFB105.O	19.0	19.0
10317.000032930	45.0	45.0
550.L5S101.s.5.sequence	33.15	33.15
550.L6S58.s.6.sequence	32.31	32.31
1841.T20579	21.0	21.0
10317.000007092	21.0	21.0
1841.T20574	21.0	21.0
1841.T20577	29.0	29.0
11052.12.17.13.rk.t	37.0	37.0
1841.T20570	22.0	22.0
1841.T20573	22.0	22.0
1841.T20575	20.0	20.0
10317.000009649	53.0	53.0
10052.MG.O17	46.0	46.0
550.L5S260.s.5.sequence	32.01	32.01
2024.visit1.MNIH52N.BFB10E.O	22.0	22.0
1841.T20825	21.0	21.0
10317.000079425	37.0	37.0
10317.000014225	38.0	38.0
1841.T21042	20.0	20.0
11052.5.12.rk.t	35.0	35.0
1841.T20572	23.0	23.0
550.L6S24.s.6.sequence	32.2	32.2
1841.T20474	18.0	18.0
10317.000002842	38.0	38.0
550.L6S220.s.6.sequence	32.78	32.78
1841.T20407	19.0	19.0
11052.1.27.14.rk.t	37.23	37.23
2202.Saliva268	26.0	26.0
1841.T20275	19.0	19.0
10317.000040134	64.0	64.0
10317.000072263	39.0	39.0
10317.000013876	27.0	27.0
550.L6S251.s.6.sequence	32.87	32.87
2024.visit4.MNIH85NP.BFE10L.O	20.0	20.0
2024.visit5.MNIH63O.BFL10L.O	32.0	32.0
10317.000010745	57.0	57.0
10317.000003604	60.0	60.0
550.L6S312.s.6.sequence	33.05	33.05
10317.000013870	20.0	20.0
10317.000042898	60.0	60.0
2024.final.MNIH86NP.BFG111.O	25.0	25.0
550.L6S39.s.6.sequence	32.25	32.25
10317.000043206	59.0	59.0
550.L5S104.s.5.sequence	33.15	33.15
10317.000009634	61.0	61.0
10317.000067069	25.0	25.0
10317.000009715	54.0	54.0
2024.final.MNIH31U.BFG10G.O	23.0	23.0
10317.000005658	35.0	35.0
10317.000003334	74.0	74.0
550.L5S284.s.5.sequence	32.1	32.1
10317.000063348	29.0	29.0
2024.final.MNIH84NP.BFG109.O	22.0	22.0
10317.000002641	46.0	46.0
550.L6S300.s.6.sequence	33.01	33.01
1841.T21029	20.0	20.0
10317.000051538	37.0	37.0
2202.Saliva108	26.0	26.0
2202.Saliva109	26.0	26.0
10317.000049878	74.0	74.0
2202.Saliva102	26.0	26.0
2202.Saliva103	26.0	26.0
10317.000051533	32.0	32.0
2202.Saliva101	26.0	26.0
2202.Saliva106	26.0	26.0
2202.Saliva107	26.0	26.0
2202.Saliva104	26.0	26.0
2202.Saliva105	26.0	26.0
1841.T20999	20.0	20.0
1841.T20998	20.0	20.0
550.L5S125.s.5.sequence	33.21	33.21
1841.T20991	20.0	20.0
1841.T20997	24.0	24.0
1841.T20996	20.0	20.0
10317.000042693	60.0	60.0
2024.birth.MNIH88NP.BFF110.O	27.0	27.0
2024.visit4.MNIH83NP.BFE10J.O	24.0	24.0
550.L5S124.s.5.sequence	33.21	33.21
10052.MG.O49	19.0	19.0
10317.000063168	29.0	29.0
1841.T20972	21.0	21.0
1841.T20974	22.0	22.0
1841.T20977	21.0	21.0
1841.T20976	20.0	20.0
1841.T20979	20.0	20.0
550.L6S221.s.6.sequence	32.79	32.79
1841.T20887	20.0	20.0
550.L6S161.s.6.sequence	32.62	32.62
2202.Saliva217	26.0	26.0
2202.Saliva214	26.0	26.0
2202.Saliva215	26.0	26.0
2202.Saliva212	26.0	26.0
2202.Saliva213	26.0	26.0
2202.Saliva210	26.0	26.0
1774.8Oral22.10.09	24.0	24.0
2202.Saliva219	26.0	26.0
2024.visit5.MNIH51N.BFL107.O	21.0	21.0
2202.Saliva166	26.0	26.0
1841.T21119	20.0	20.0
550.L6S277.s.6.sequence	32.95	32.95
2024.visit4.MNIH14UP.BFE10K.O	18.0	18.0
1841.T21110	22.0	22.0
1841.T21111	33.0	33.0
1841.T21112	32.0	32.0
1841.T21113	24.0	24.0
1841.T21115	21.0	21.0
1841.T21232	32.0	32.0
2202.Saliva285	26.0	26.0
2024.visit1.MNIH59N.BFB10N.O	20.0	20.0
1774.408.Oral.Puer	63.0	63.0
10317.000004953	84.0	84.0
2202.Saliva68	26.0	26.0
2202.Saliva69	26.0	26.0
1841.T20916	30.0	30.0
2202.Saliva64	26.0	26.0
2202.Saliva66	26.0	26.0
11052.10.4.13.rk.t	36.0	36.0
1841.T20373	55.0	55.0
1841.T20371	20.0	20.0
1841.T21072	20.0	20.0
550.L6S213.s.6.sequence	32.76	32.76
1841.T21071	22.0	22.0
1841.T20400	37.0	37.0
2024.visit3.MNIH39U.BFD10J.O	39.0	39.0
2024.birth.MNIH48N.BFF10A.O	30.0	30.0
11052.11.23.13.rk.t	37.0	37.0
11052.3.22.14.rk.t	37.378	37.378
2024.visit1.MNIH82NP.BFB10V.O	18.0	18.0
1841.T21177	30.0	30.0
10317.000005567	53.0	53.0
10317.000048403	28.0	28.0
10317.000005362	67.0	67.0
550.L6S285.s.6.sequence	32.97	32.97
11052.2.13.14.rk.t	37.277	37.277
1841.T20406	18.0	18.0
2010.2234	22.0	22.0
550.L6S289.s.6.sequence	32.98	32.98
550.L5S213.s.5.sequence	33.57	33.57
550.L6S179.s.6.sequence	32.67	32.67
2024.visit3.MNIH34U.BFD114.O	22.0	22.0
1841.T20746	20.0	20.0
1841.T20747	21.0	21.0
1841.T20745	21.0	21.0
1841.T20742	21.0	21.0
1841.T20740	21.0	21.0
1841.T20255	20.0	20.0
550.L5S215.s.5.sequence	33.58	33.58
2202.Saliva264	26.0	26.0
10317.000058953	29.0	29.0
10317.000058952	31.0	31.0
550.L6S241.s.6.sequence	32.84	32.84
10317.000003409	49.0	49.0
1841.T20252	21.0	21.0
10317.000017704	24.0	24.0
2024.visit5.MNIH14UP.BFL10Y.O	18.0	18.0
10317.000006679	41.0	41.0
11052.12.26.13.rk.t	37.0	37.0
2202.Saliva53	26.0	26.0
11052.3.5.14.rk.t	37.332	37.332
1841.T21217	21.0	21.0
10317.000017318	70.0	70.0
550.L6S243.s.6.sequence	32.85	32.85
11052.10.27.13.rk.t	36.0	36.0
550.L6S253.s.6.sequence	32.88	32.88
2024.visit2.MNIH39U.BFC10C.O	39.0	39.0
550.L5S214.s.5.sequence	33.57	33.57
11052.11.24.13.rk.t	37.0	37.0
1841.T21565	20.0	20.0
11052.1.30.14.rk.t	37.238	37.238
1841.T21568	20.0	20.0
2024.visit3.MNIH81NP.BFD118.O	20.0	20.0
550.L6S28.s.6.sequence	32.21	32.21
10317.000003558	48.0	48.0
10317.000069055	31.0	31.0
550.L5S99.s.5.sequence	33.14	33.14
10317.000010257	60.0	60.0
10317.000048269	37.0	37.0
11052.10.29.13.rk.t	36.0	36.0
550.L6S11.s.6.sequence	32.16	32.16
10317.000071492	23.0	23.0
2010.1318	27.0	27.0
550.L5S245.s.5.sequence	31.97	31.97
550.L6S65.s.6.sequence	32.33	32.33
550.L6S137.s.6.sequence	32.54	32.54
550.L6S210.s.6.sequence	32.75	32.75
2024.visit2.MNIH51N.BFC10M.O	21.0	21.0
550.L5S151.s.5.sequence	33.36	33.36
11052.3.4.14.rk.t	37.329	37.329
550.L6S41.s.6.sequence	32.26	32.26
1841.T20568	21.0	21.0
1841.T20569	41.0	41.0
1841.T20566	22.0	22.0
1841.T20565	20.0	20.0
550.L6S10.s.6.sequence	32.15	32.15
1841.T20563	20.0	20.0
1841.T20561	21.0	21.0
2010.1952	32.0	32.0
550.L5S147.s.5.sequence	33.3	33.3
550.L5S228.s.5.sequence	33.63	33.63
550.L5S168.s.5.sequence	33.44	33.44
550.L5S138.s.5.sequence	33.27	33.27
2010.1553	35.0	35.0
10317.000079413	62.0	62.0
2024.visit2.MNIH84NP.BFC10E.O	22.0	22.0
1841.T20414	19.0	19.0
11052.11.5.13.rk.t	36.0	36.0
10317.000009072	31.0	31.0
11052.RK.Tong.10.24.2008	36.0	36.0
2024.visit5.MNIH52N.BFL105.O	22.0	22.0
11052.11.20.13.rk.t	37.0	37.0
2024.visit3.MNIH23U.BFD119.O	25.0	25.0
10317.000029263	39.0	39.0
10317.000030582	27.0	27.0
10317.000030584	51.0	51.0
10317.000014213	60.0	60.0
550.L5S282.s.5.sequence	32.1	32.1
550.L6S308.s.6.sequence	33.03	33.03
10317.000063228	27.0	27.0
1841.T20266	22.0	22.0
10317.000020447	53.0	53.0
550.L6S32.s.6.sequence	32.22	32.22
2024.birth.MNIH41N.BFF10T.O	24.0	24.0
550.L6S117.s.6.sequence	32.48	32.48
10317.000067073	61.0	61.0
550.L5S103.s.5.sequence	33.15	33.15
10317.000011052	44.0	44.0
550.L6S314.s.6.sequence	33.06	33.06
1841.T20705	21.0	21.0
2202.Saliva46	26.0	26.0
2024.visit2.MNIH97NP.BFC11B.O	28.0	28.0
550.L5S163.s.5.sequence	33.41	33.41
2202.Saliva47	26.0	26.0
550.L5S139.s.5.sequence	33.28	33.28
10317.000049827	37.0	37.0
10317.000002383	72.0	72.0
2202.Saliva45	26.0	26.0
550.L6S190.s.6.sequence	32.7	32.7
1841.T20315	32.0	32.0
10317.000002381	47.0	47.0
550.L5S221.s.5.sequence	33.61	33.61
550.L6S196.s.6.sequence	32.71	32.71
2024.visit2.MNIH37U.BFC103.O	20.0	20.0
11052.10.23.13.rk.t	36.0	36.0
2202.Saliva48	26.0	26.0
550.L6S186.s.6.sequence	32.69	32.69
550.L6S158.s.6.sequence	32.61	32.61
2202.Saliva161	26.0	26.0
1841.T20316	30.0	30.0
2024.visit2.MNIH90NP.BFC115.O	25.0	25.0
550.L5S181.s.5.sequence	33.48	33.48
1774.L562.Oral.Puer	21.0	21.0
2010.2228	22.0	22.0
2024.visit3.MNIH51N.BFD10D.O	21.0	21.0
10317.000023045	69.0	69.0
10317.000015975	66.0	66.0
1841.T20960	20.0	20.0
1841.T20961	22.0	22.0
1841.T20967	20.0	20.0
10317.000005422	54.0	54.0
10317.000007635	24.0	24.0
550.L6S318.s.6.sequence	33.07	33.07
10317.000007099	22.0	22.0
2202.Saliva203	26.0	26.0
2202.Saliva205	26.0	26.0
2202.Saliva204	26.0	26.0
2202.Saliva207	26.0	26.0
2202.Saliva206	26.0	26.0
550.L6S150.s.6.sequence	32.58	32.58
2202.Saliva208	26.0	26.0
550.L6S268.s.6.sequence	32.92	32.92
550.L5S186.s.5.sequence	33.49	33.49
2202.Saliva115	26.0	26.0
2202.Saliva114	26.0	26.0
2202.Saliva117	26.0	26.0
2202.Saliva111	26.0	26.0
2202.Saliva110	26.0	26.0
2202.Saliva113	26.0	26.0
2202.Saliva112	26.0	26.0
11052.11.13.13.rk.t	36.0	36.0
10317.000005635	32.0	32.0
2202.Saliva119	26.0	26.0
2202.Saliva118	26.0	26.0
10317.000010740	41.0	41.0
1841.T21169	20.0	20.0
1841.T21168	33.0	33.0
550.L6S302.s.6.sequence	33.02	33.02
1841.T21164	24.0	24.0
1841.T21166	25.0	25.0
1841.T21160	19.0	19.0
1841.T21163	32.0	32.0
1841.T21162	26.0	26.0
1841.T21227	25.0	25.0
550.L5S225.s.5.sequence	33.62	33.62
550.L5S187.s.5.sequence	33.5	33.5
2024.visit3.MNIH45N.BFD10C.O	19.0	19.0
10317.000068839	36.0	36.0
550.L6S56.s.6.sequence	32.3	32.3
2024.final.MNIH93NP.BFG108.O	24.0	24.0
10317.000023330	54.0	54.0
10317.000043178	54.0	54.0
2202.Saliva56	26.0	26.0
2202.Saliva51	26.0	26.0
2202.Saliva50	26.0	26.0
2202.Saliva52	26.0	26.0
1841.T20364	55.0	55.0
1841.T20367	26.0	26.0
2010.2689	26.0	26.0
1841.T21599	20.0	20.0
1841.T21025	23.0	23.0
10317.000015561	56.0	56.0
10317.000052318	82.0	82.0
1841.T20314	55.0	55.0
1774.34.Oral.Puer	25.0	25.0
1841.T20554	23.0	23.0
1841.T20603	23.0	23.0
10317.000007124	60.0	60.0
550.L5S279.s.5.sequence	32.09	32.09
10317.000074414	53.0	53.0
2024.birth.MNIH01UP.BFF10S.O	21.0	21.0
1841.T21421	21.0	21.0
10317.000015362	42.0	42.0
1841.T21354	20.0	20.0
1841.T20778	21.0	21.0
10317.000009037	67.0	67.0
550.L5S109.s.5.sequence	33.17	33.17
1841.T20770	20.0	20.0
1841.T20777	20.0	20.0
10317.000002820	69.0	69.0
550.L5S177.s.5.sequence	33.47	33.47
550.L6S193.s.6.sequence	32.71	32.71
11052.10.11.13.rk.t	36.0	36.0
10317.000069019	23.0	23.0
2024.visit1.MNIH92NP.BFB11F.O	31.0	31.0
10317.000028853	18.0	18.0
10317.000042662	40.0	40.0
10317.000052290	36.0	36.0
550.L5S176.s.5.sequence	33.47	33.47
2024.final.MNIH85NP.BFG10P.O	20.0	20.0
550.L6S198.s.6.sequence	32.72	32.72
550.L6S141.s.6.sequence	32.55	32.55
550.L6S119.s.6.sequence	32.49	32.49
10317.000028764	57.0	57.0
550.L5S116.s.5.sequence	33.19	33.19
10317.000069043	33.0	33.0
550.L5S126.s.5.sequence	33.21	33.21
2024.visit2.MNIH31U.BFC111.O	23.0	23.0
10317.000069368	62.0	62.0
550.L6S29.s.6.sequence	32.21	32.21
2024.visit1.MNIH02UP.BFB10D.O	19.0	19.0
2024.visit1.MNIH90NP.BFB118.O	25.0	25.0
550.L6S222.s.6.sequence	32.79	32.79
2202.Saliva100	26.0	26.0
550.L5S174.s.5.sequence	33.46	33.46
1841.T21299	20.0	20.0
550.L6S43.s.6.sequence	32.27	32.27
2010.1592	29.0	29.0
1841.T21574	20.0	20.0
11052.12....13.rk.t	37.0	37.0
1841.T20087	24.0	24.0
2010.1813	34.0	34.0
11052.11.4.13.rk.t	36.0	36.0
550.L6S46.s.6.sequence	32.28	32.28
550.L6S259.s.6.sequence	32.9	32.9
550.L6S67.s.6.sequence	32.34	32.34
10317.000022970	40.0	40.0
11052.4.2.14.rk.t	37.408	37.408
2010.1360	27.0	27.0
550.L5S107.s.5.sequence	33.16	33.16
1841.T21367	22.0	22.0
2024.visit2.MNIH14UP.BFC102.O	18.0	18.0
10317.000074340	58.0	58.0
10317.000072013	39.0	39.0
1841.T20792	20.0	20.0
1841.T20795	21.0	21.0
1841.T20799	21.0	21.0
1841.T20798	22.0	22.0
11052.3.21.14.rk.t	37.375	37.375
11052.10.13.13.rk.t	36.0	36.0
1841.T20553	41.0	41.0
1841.T20552	21.0	21.0
1841.T20557	22.0	22.0
1841.T20556	36.0	36.0
1841.T20555	23.0	23.0
11052.3.10.14.rk.t	37.0	37.0
1841.T20559	21.0	21.0
1841.T20558	41.0	41.0
1841.T20259	55.0	55.0
550.L5S223.s.5.sequence	33.62	33.62
550.L5S269.s.5.sequence	32.06	32.06
11052.10.24.13.rk.t	36.0	36.0
2024.visit4.MNIH21U.BFE10U.O	20.0	20.0
550.L5S231.s.5.sequence	33.64	33.64
550.L6S76.s.6.sequence	32.36	32.36
10317.000014975	70.0	70.0
2024.final.MNIH83NP.BFG10T.O	24.0	24.0
10317.000014971	63.0	63.0
550.L6S139.s.6.sequence	32.55	32.55
1841.T20426	18.0	18.0
1841.T20423	18.0	18.0
10317.000079786	19.0	19.0
550.L5S232.s.5.sequence	33.64	33.64
550.L5S127.s.5.sequence	33.22	33.22
10317.000002360	32.0	32.0
1841.T20767	21.0	21.0
11052.12.12.13.rk.t	37.0	37.0
550.L6S71.s.6.sequence	32.35	32.35
1841.T20761	20.0	20.0
550.L6S77.s.6.sequence	32.37	32.37
10317.000063216	34.0	34.0
10317.000005455	47.0	47.0
2024.birth.MNIH95NP.BFF10H.O	26.0	26.0
2024.birth.MNIH96NP.BFF10Q.O	22.0	22.0
10317.000007043	59.0	59.0
10317.000063444	30.0	30.0
2024.birth.MNIH85NP.BFF10J.O	20.0	20.0
11052.3.16.14.rk.t	37.362	37.362
2024.visit3.MNIH96NP.BFD115.O	22.0	22.0
10317.000012333	38.0	38.0
1841.T20971	22.0	22.0
10317.000003351	67.0	67.0
2010.3091	31.0	31.0
550.L6S203.s.6.sequence	32.74	32.74
10317.000053445	45.0	45.0
1841.T20519	20.0	20.0
10317.000002626	65.0	65.0
2024.birth.MNIH39U.BFF10V.O	39.0	39.0
2024.visit2.MNIH41N.BFC10U.O	24.0	24.0
1841.T20578	20.0	20.0
550.L5S148.s.5.sequence	33.3	33.3
10317.000017141	52.0	52.0
550.L6S44.s.6.sequence	32.27	32.27
10317.000044325	65.0	65.0
10317.000047842	56.0	56.0
1841.T21590	36.0	36.0
1841.T20957	21.0	21.0
2202.Saliva196	26.0	26.0
1841.T20952	20.0	20.0
1841.T20951	22.0	22.0
10317.000013878	21.0	21.0
550.L6S38.s.6.sequence	32.25	32.25
11052.1.6.14.rk.t	37.173	37.173
10317.000013873	20.0	20.0
10317.000013872	20.0	20.0
2202.Saliva190	26.0	26.0
11052.10.6.13.rk.t	36.0	36.0
550.L6S16.s.6.sequence	32.17	32.17
1841.T20885	23.0	23.0
1841.T20884	22.0	22.0
2202.Saliva162	26.0	26.0
2202.Saliva163	26.0	26.0
2202.Saliva164	26.0	26.0
2202.Saliva165	26.0	26.0
2202.Saliva167	26.0	26.0
2202.Saliva168	26.0	26.0
550.L6S235.s.6.sequence	32.83	32.83
1841.T21178	30.0	30.0
10317.000063312	25.0	25.0
1841.T21174	20.0	20.0
1841.T21175	32.0	32.0
1841.T21172	33.0	33.0
11052.3.19.14.rk.t	37.0	37.0
1841.T21170	21.0	21.0
1841.T21171	33.0	33.0
2024.visit1.MNIH94NP.BFB11H.O	21.0	21.0
2024.visit3.MNIH55N.BFD107.O	34.0	34.0
2024.visit1.MNIH50N.BFB10B.O	25.0	25.0
1841.T21212	24.0	24.0
2202.Saliva211	26.0	26.0
2024.visit2.MNIH61O.BFC10L.O	36.0	36.0
1774.496.Oral.Puer	34.0	34.0
10317.000020502	65.0	65.0
2024.visit5.MNIH85NP.BFL10C.O	20.0	20.0
2202.Saliva42	26.0	26.0
2202.Saliva43	26.0	26.0
2202.Saliva40	26.0	26.0
2202.Saliva41	26.0	26.0
1841.T20319	37.0	37.0
1841.T20318	20.0	20.0
2202.Saliva44	26.0	26.0
1774.518.Oral.Puer	54.0	54.0
550.L6S100.s.6.sequence	32.43	32.43
1841.T20317	22.0	22.0
2202.Saliva49	26.0	26.0
1841.T20310	37.0	37.0
1841.T20313	55.0	55.0
550.L6S27.s.6.sequence	32.2	32.2
10317.000074413	53.0	53.0
10317.000013358	71.0	71.0
550.L6S214.s.6.sequence	32.77	32.77
10317.000049750	37.0	37.0
10317.000082691	39.0	39.0
550.L6S231.s.6.sequence	32.82	32.82
550.L6S72.s.6.sequence	32.35	32.35
10317.000026043	33.0	33.0
10317.000063480	25.0	25.0
550.L5S191.s.5.sequence	33.51	33.51
550.L6S13.s.6.sequence	32.16	32.16
10317.000007116	60.0	60.0
10317.000023875	59.0	59.0
2010.2214	23.0	23.0
550.L6S128.s.6.sequence	32.51	32.51
1841.T20223	22.0	22.0
1841.T20225	22.0	22.0
550.L6S93.s.6.sequence	32.41	32.41
1841.T21369	32.0	32.0
10317.000016459	54.0	54.0
2024.visit4.MNIH82NP.BFE10G.O	18.0	18.0
550.L6S82.s.6.sequence	32.38	32.38
1841.T20769	21.0	21.0
2010.2071	32.0	32.0
1841.T20764	21.0	21.0
550.L6S311.s.6.sequence	33.04	33.04
550.L6S62.s.6.sequence	32.32	32.32
2024.visit4.MNIH52N.BFE102.O	22.0	22.0
550.L6S138.s.6.sequence	32.54	32.54
550.L5S266.s.5.sequence	32.05	32.05
10317.000010122	65.0	65.0
550.L6S18.s.6.sequence	32.18	32.18
2024.birth.MNIH43N.BFF105.O	29.0	29.0
550.L5S267.s.5.sequence	32.05	32.05
2024.birth.MNIH49N.BFF10C.O	22.0	22.0
2202.Saliva67	26.0	26.0
2024.visit3.MNIH05UP.BFD112.O	23.0	23.0
1841.T21137	28.0	28.0
10317.000008199	46.0	46.0
11052.11.22.13.rk.t	37.0	37.0
1774.331.Oral.Puer	45.0	45.0
10317.000021246	49.0	49.0
1774.414.Oral.Puer	19.0	19.0
2010.1802	34.0	34.0
550.L6S170.s.6.sequence	32.64	32.64
1841.T20090	21.0	21.0
10317.000046211	26.0	26.0
10317.000062194	29.0	29.0
11052.3.7.14.rk.t	37.337	37.337
11052.3.15.14.rk.t	37.359	37.359
550.L5S154.s.5.sequence	33.37	33.37
1841.T20365	21.0	21.0
2010.1376	35.0	35.0
550.L5S152.s.5.sequence	33.36	33.36
10317.000015294	29.0	29.0
10317.000018053	32.0	32.0
10317.000038427	39.0	39.0
11052.3.11.14.rk.t	37.0	37.0
1841.T20366	20.0	20.0
1841.T20468	18.0	18.0
10317.000041071	31.0	31.0
1841.T20782	22.0	22.0
1841.T20783	21.0	21.0
1841.T20784	21.0	21.0
1841.T20788	22.0	22.0
10317.000038223	56.0	56.0
1841.T20545	22.0	22.0
1841.T20546	21.0	21.0
1841.T20547	36.0	36.0
1841.T20543	23.0	23.0
1841.T20549	22.0	22.0
2024.final.MNIH61O.BFG10B.O	36.0	36.0
2024.visit3.MNIH61O.BFD102.O	36.0	36.0
2202.Saliva175	26.0	26.0
11052.11.8.13.rk.t	36.0	36.0
10317.000023010	35.0	35.0
10317.000002530	48.0	48.0
10317.000033560	67.0	67.0
550.L5S153.s.5.sequence	33.36	33.36
1841.T20439	27.0	27.0
550.L5S241.s.5.sequence	31.96	31.96
10317.000012953	63.0	63.0
10317.000066920	51.0	51.0
1841.T20434	19.0	19.0
10317.000036883	58.0	58.0
10317.000010878	35.0	35.0
550.L5S119.s.5.sequence	33.2	33.2
550.L5S285.s.5.sequence	32.1	32.1
550.L6S151.s.6.sequence	32.59	32.59
2024.final.MNIH01UP.BFG10J.O	21.0	21.0
1841.T20095	20.0	20.0
10317.000068827	29.0	29.0
10317.000048381	59.0	59.0
550.L5S117.s.5.sequence	33.19	33.19
1841.T20537	21.0	21.0
10317.000022695	28.0	28.0
10317.000002049	64.0	64.0
2024.visit1.MNIH86NP.BFB10Z.O	25.0	25.0
10317.000007788	37.0	37.0
10317.000003338	73.0	73.0
10317.000009458	56.0	56.0
10317.000036442	67.0	67.0
11052.10.1.13.rk.t	36.0	36.0
10317.000031366	69.0	69.0
2024.visit5.MNIH21U.BFL10K.O	20.0	20.0
2024.visit5.MNIH59N.BFL108.O	20.0	20.0
10317.000030410	36.0	36.0
1774.452.Oral.Puer	25.0	25.0
2024.final.MNIH05UP.BFG116.O	23.0	23.0
550.L6S135.s.6.sequence	32.54	32.54
1841.T20862	22.0	22.0
550.L6S1.s.6.sequence	32.12	32.12
2024.final.MNIH88NP.BFG10U.O	27.0	27.0
1841.T20715	22.0	22.0
11052.3.1.14.rk.t	37.321	37.321
1774.7Oral22.10.09	28.0	28.0
2202.Saliva60	26.0	26.0
11052.2.12.14.rk.t	37.274	37.274
2024.visit4.MNIH02UP.BFE106.O	19.0	19.0
2202.Saliva61	26.0	26.0
2202.Saliva62	26.0	26.0
11052.3.12.14.rk.t	37.0	37.0
1841.T21141	30.0	30.0
1841.T21146	26.0	26.0
1841.T21145	21.0	21.0
1841.T20864	20.0	20.0
1841.T21149	22.0	22.0
1841.T20944	22.0	22.0
10317.000013865	20.0	20.0
1841.T20946	22.0	22.0
2202.Saliva65	26.0	26.0
11052.1.10.14.rk.t	37.184	37.184
10317.000063156	25.0	25.0
10317.000013875	20.0	20.0
2202.Saliva173	26.0	26.0
2202.Saliva172	26.0	26.0
1841.T20895	22.0	22.0
2202.Saliva177	26.0	26.0
2202.Saliva176	26.0	26.0
10317.000072329	42.0	42.0
2024.visit3.MNIH41N.BFD106.O	24.0	24.0
2202.Saliva179	26.0	26.0
2202.Saliva178	26.0	26.0
550.L5S114.s.5.sequence	33.18	33.18
2024.visit1.MNIH60N.BFB10Q.O	20.0	20.0
2024.visit1.MNIH39U.BFB10P.O	39.0	39.0
2024.visit2.MNIH47N.BFC10Z.O	28.0	28.0
550.L6S83.s.6.sequence	32.38	32.38
550.L6S20.s.6.sequence	32.18	32.18
1841.T21205	21.0	21.0
550.L5S247.s.5.sequence	31.97	31.97
1841.T21202	32.0	32.0
1841.T21203	21.0	21.0
1841.T20277	21.0	21.0
550.L6S299.s.6.sequence	33.01	33.01
2024.visit1.MNIH47N.BFB108.O	28.0	28.0
550.L6S164.s.6.sequence	32.63	32.63
2024.visit2.MNIH87NP.BFC114.O	25.0	25.0
2202.Saliva37	26.0	26.0
2202.Saliva36	26.0	26.0
2202.Saliva35	26.0	26.0
2202.Saliva34	26.0	26.0
2202.Saliva33	26.0	26.0
2202.Saliva32	26.0	26.0
2202.Saliva31	26.0	26.0
2202.Saliva30	26.0	26.0
1841.T20306	21.0	21.0
1841.T20304	55.0	55.0
1841.T20302	21.0	21.0
1841.T20303	21.0	21.0
2202.Saliva39	26.0	26.0
2202.Saliva38	26.0	26.0
2024.final.MNIH45N.BFG100.O	19.0	19.0
11052.12.10.13.rk.t	37.0	37.0
10317.000013833	41.0	41.0
10317.000013360	70.0	70.0
2024.visit1.MNIH21U.BFB11R.O	20.0	20.0
2024.visit5.MNIH99NP.BFL10M.O	26.0	26.0
10317.000013886	21.0	21.0
10317.000013887	20.0	20.0
10317.000013882	21.0	21.0
10317.000013880	20.0	20.0
10317.000013881	20.0	20.0
11052.1.11.14.rk.t	37.186	37.186
10317.000007102	53.0	53.0
10317.000013889	26.0	26.0
1841.T20232	20.0	20.0
550.L5S197.s.5.sequence	33.52	33.52
1841.T20239	21.0	21.0
550.L5S220.s.5.sequence	33.61	33.61
2010.2945	23.0	23.0
2024.visit2.MNIH56N.BFC10A.O	21.0	21.0
550.L6S155.s.6.sequence	32.6	32.6
2202.Saliva63	26.0	26.0
550.L5S100.s.5.sequence	33.14	33.14
2010.2867	23.0	23.0
550.L6S175.s.6.sequence	32.66	32.66
1841.T20787	21.0	21.0
550.L6S47.s.6.sequence	32.28	32.28
10317.000018077	34.0	34.0
2024.visit1.MNIH88NP.BFB117.O	27.0	27.0
10317.000013011	60.0	60.0
550.L6S134.s.6.sequence	32.53	32.53
2024.visit3.MNIH56N.BFD109.O	21.0	21.0
550.L6S242.s.6.sequence	32.85	32.85
550.L5S209.s.5.sequence	33.55	33.55
10317.000005595	74.0	74.0
10317.000047780	63.0	63.0
2202.Saliva281	26.0	26.0
2024.visit2.MNIH06UP.BFC11D.O	36.0	36.0
1841.T20878	20.0	20.0
1774.67Oral24.10.09	19.0	19.0
550.L5S218.s.5.sequence	33.6	33.6
10317.000015281	61.0	61.0
10317.000001505	66.0	66.0
1841.T20928	19.0	19.0
550.L6S14.s.6.sequence	32.17	32.17
1841.T20084	21.0	21.0
10317.000015304	33.0	33.0
550.L6S149.s.6.sequence	32.58	32.58
550.L6S274.s.6.sequence	32.94	32.94
11052.11.18.13.rk.t	36.0	36.0
11052.12.14.13.rk.t	37.0	37.0
11052.12.24.13.rk.tB	37.0	37.0
11052.12.24.13.rk.tA	37.0	37.0
2024.birth.MNIH81NP.BFF108.O	20.0	20.0
10317.000031923	40.0	40.0
1841.T21124	21.0	21.0
10317.000015282	61.0	61.0
1841.T20401	18.0	18.0
1841.T20785	29.0	29.0
550.L6S258.s.6.sequence	32.89	32.89
10052.MG.O8	40.0	40.0
10052.MG.O6	48.0	48.0
10052.MG.O7	50.0	50.0
10052.MG.O4	36.0	36.0
10052.MG.O5	20.0	20.0
550.L6S309.s.6.sequence	33.04	33.04
10317.000015189	27.0	27.0
10317.000017767	45.0	45.0
1841.T20386	22.0	22.0
10317.000015353	35.0	35.0
2202.Saliva282	26.0	26.0
2010.1901	32.0	32.0
2024.visit4.MNIH56N.BFE10Z.O	21.0	21.0
10317.000013868	21.0	21.0
550.L6S264.s.6.sequence	32.91	32.91
2202.Saliva95	26.0	26.0
1841.T20379	20.0	20.0
10317.000005921	54.0	54.0
10317.000002493	46.0	46.0
10317.000002491	59.0	59.0
550.L6S301.s.6.sequence	33.01	33.01
10317.000005087	34.0	34.0
10317.000014647	35.0	35.0
10317.000007082	21.0	21.0
1841.T20444	19.0	19.0
10317.000007089	21.0	21.0
1841.T20442	27.0	27.0
1841.T20237	22.0	22.0
2024.visit1.MNIH48N.BFB109.O	30.0	30.0
2010.1346	34.0	34.0
1841.T20986	22.0	22.0
1841.T20571	21.0	21.0
550.L6S218.s.6.sequence	32.78	32.78
550.L5S196.s.5.sequence	33.52	33.52
10052.MG.O13	48.0	48.0
1841.T21288	24.0	24.0
10317.000031032	23.0	23.0
11052.11.27.13.rk.t	37.0	37.0
10317.000087098	65.0	65.0
10317.000087099	67.0	67.0
550.L6S227.s.6.sequence	32.81	32.81
550.L6S97.s.6.sequence	32.43	32.43
10317.000032975	28.0	28.0
550.L5S252.s.5.sequence	31.99	31.99
11052.2.17.14.rk.t	37.288	37.288
11052.10.20.13.rk.t	36.0	36.0
11052.2.20.14.rk.t	37.0	37.0
550.L6S131.s.6.sequence	32.52	32.52
550.L6S31.s.6.sequence	32.21	32.21
550.L5S253.s.5.sequence	31.99	31.99
550.L6S282.s.6.sequence	32.96	32.96
2024.visit5.MNIH41N.BFL100.O	24.0	24.0
550.L5S106.s.5.sequence	33.16	33.16
11052.11.6.13.rk.t	36.0	36.0
550.L6S34.s.6.sequence	32.22	32.22
2024.final.MNIH62O.BFG10H.O	31.0	31.0
550.L5S172.s.5.sequence	33.46	33.46
550.L6S80.s.6.sequence	32.37	32.37
2024.final.MNIH58N.BFG101.O	18.0	18.0
10317.000002608	60.0	60.0
2202.Saliva156	26.0	26.0
10317.000035384	67.0	67.0
550.L5S251.s.5.sequence	31.98	31.98
10317.000007694	53.0	53.0
1841.T20264	22.0	22.0
550.L6S111.s.6.sequence	32.46	32.46
2024.visit1.MNIH95NP.BFB114.O	26.0	26.0
550.L6S124.s.6.sequence	32.5	32.5
550.L5S171.s.5.sequence	33.45	33.45
550.L5S120.s.5.sequence	33.2	33.2
10317.000003174	46.0	46.0
550.L6S59.s.6.sequence	32.31	32.31
2202.Saliva79	26.0	26.0
10317.000035471	66.0	66.0
1841.T20939	23.0	23.0
550.L6S166.s.6.sequence	32.63	32.63
1841.T21153	30.0	30.0
1841.T20935	21.0	21.0
1841.T20937	21.0	21.0
1841.T20936	21.0	21.0
2024.birth.MNIH64O.BFF10M.O	25.0	25.0
1841.T20933	21.0	21.0
11052.1.22.14.rk.t	37.216	37.216
1774.23.Oral.Puer	32.0	32.0
2024.visit1.MNIH43N.BFB102.O	29.0	29.0
11052.3.24.14.rk.t	37.0	37.0
10317.000049830	61.0	61.0
2024.visit2.MNIH05UP.BFC11A.O	23.0	23.0
2202.Saliva148	26.0	26.0
2202.Saliva149	26.0	26.0
2202.Saliva146	26.0	26.0
11052.1.21.14.rk.t	37.214	37.214
2202.Saliva142	26.0	26.0
2202.Saliva143	26.0	26.0
2202.Saliva140	26.0	26.0
2202.Saliva141	26.0	26.0
550.L6S237.s.6.sequence	32.83	32.83
1841.T20333	21.0	21.0
1841.T20840	41.0	41.0
1841.T20843	22.0	22.0
1841.T20845	23.0	23.0
1841.T20847	21.0	21.0
1841.T20849	41.0	41.0
1841.T20848	20.0	20.0
1841.T20339	30.0	30.0
1841.T20647	21.0	21.0
550.L6S324.s.6.sequence	33.14	33.14
10317.000034637	64.0	64.0
2202.Saliva245	26.0	26.0
2024.visit4.MNIH39U.BFE10E.O	39.0	39.0
2202.Saliva24	26.0	26.0
2202.Saliva25	26.0	26.0
2202.Saliva26	26.0	26.0
2202.Saliva27	26.0	26.0
2202.Saliva20	26.0	26.0
2202.Saliva21	26.0	26.0
550.L5S264.s.5.sequence	32.02	32.02
2202.Saliva23	26.0	26.0
10317.000015017	41.0	41.0
2024.visit4.MNIH61O.BFE104.O	36.0	36.0
2202.Saliva29	26.0	26.0
1841.T21305	20.0	20.0
1841.T21307	21.0	21.0
1841.T20859	21.0	21.0
1841.T21300	22.0	22.0
1774.155.Oral.Puer	44.0	44.0
1841.T21309	26.0	26.0
1841.T21308	20.0	20.0
2010.3271	31.0	31.0
1841.T20329	32.0	32.0
10317.000003131	51.0	51.0
10317.000005726	75.0	75.0
10317.000052371	35.0	35.0
10317.000023018	59.0	59.0
2024.visit5.MNIH47N.BFL111.O	28.0	28.0
11052.10.31.13.rk.t	36.0	36.0
1841.T20680	20.0	20.0
1841.T20207	22.0	22.0
1841.T20204	21.0	21.0
10317.000082709	35.0	35.0
1841.T20202	37.0	37.0
1841.T20201	20.0	20.0
10317.000004896	43.0	43.0
10317.000082702	46.0	46.0
10317.000046126	85.0	85.0
550.L6S144.s.6.sequence	32.56	32.56
10317.000004054	54.0	54.0
10317.000029617	37.0	37.0
550.L5S227.s.5.sequence	33.63	33.63
10317.000007727	73.0	73.0
550.L6S263.s.6.sequence	32.91	32.91
10317.000023301	38.0	38.0
2024.final.MNIH39U.BFG110.O	39.0	39.0
550.L6S296.s.6.sequence	33.0	33.0
10317.000042637	58.0	58.0
1841.T21418	23.0	23.0
11052.2.21.14.rk.t	37.299	37.299
550.L6S176.s.6.sequence	32.66	32.66
1841.T21413	20.0	20.0
10317.000068140	40.0	40.0
550.L6S104.s.6.sequence	32.44	32.44
1841.T21416	20.0	20.0
550.L6S265.s.6.sequence	32.91	32.91
550.L6S254.s.6.sequence	32.88	32.88
2024.visit4.MNIH99NP.BFE115.O	26.0	26.0
10317.000007076	21.0	21.0
550.L6S319.s.6.sequence	33.08	33.08
10317.000004808	62.0	62.0
550.L6S99.s.6.sequence	32.43	32.43
10317.000049910	44.0	44.0
2024.birth.MNIH93NP.BFF101.O	24.0	24.0
550.L6S53.s.6.sequence	32.29	32.29
1841.T21527	21.0	21.0
1841.T20062	23.0	23.0
11052.2.2.14.rk.t	37.247	37.247
11052.11.12.13.rk.t	36.0	36.0
1841.T20060	19.0	19.0
2010.1259	27.0	27.0
550.L5S248.s.5.sequence	31.98	31.98
10317.000040146	34.0	34.0
550.L6S205.s.6.sequence	32.74	32.74
1841.T20871	21.0	21.0
1841.T21480	27.0	27.0
2024.visit1.MNIH23U.BFB10J.O	25.0	25.0
550.L6S45.s.6.sequence	32.27	32.27
10317.000013280	68.0	68.0
10317.000074317	43.0	43.0
550.L6S48.s.6.sequence	32.28	32.28
10317.000041055	33.0	33.0
11052.1.9.14.rk.t	37.181	37.181
11052.11.1.13.rk.t	36.0	36.0
2024.visit5.MNIH83NP.BFL10Z.O	24.0	24.0
1841.T21133	20.0	20.0
550.L6S156.s.6.sequence	32.6	32.6
10317.000038200	39.0	39.0
10317.000045002	47.0	47.0
11052.1.20.14.rk.t	37.211	37.211
550.L6S249.s.6.sequence	32.87	32.87
11052.2.11.14.rk.tA	37.0	37.0
550.L6S307.s.6.sequence	33.03	33.03
2024.visit3.MNIH84NP.BFD11B.O	22.0	22.0
550.L6S42.s.6.sequence	32.26	32.26
10317.000069007	22.0	22.0
10317.000015384	34.0	34.0
550.L6S247.s.6.sequence	32.86	32.86
10317.000002620	37.0	37.0
2010.1750	23.0	23.0
550.L5S183.s.5.sequence	33.49	33.49
550.L5S146.s.5.sequence	33.3	33.3
10317.000007096	21.0	21.0
10317.000007097	21.0	21.0
10317.000007094	22.0	22.0
10317.000007095	21.0	21.0
10317.000007093	21.0	21.0
1841.T20458	18.0	18.0
10317.000007091	22.0	22.0
1841.T20457	27.0	27.0
1841.T20454	19.0	19.0
1841.T20452	27.0	27.0
2202.Saliva14	26.0	26.0
11052.10.21.13.rk.t	36.0	36.0
550.L6S173.s.6.sequence	32.65	32.65
2202.Saliva17	26.0	26.0
10317.000068767	34.0	34.0
10317.000017317	57.0	57.0
11052.3.18.14.rk.t	37.367	37.367
10317.000041306	35.0	35.0
550.L5S233.s.5.sequence	31.94	31.94
11052.11.11.13.rk.t	36.0	36.0
550.L6S201.s.6.sequence	32.73	32.73
2024.visit2.MNIH16UP.BFC10F.O	18.0	18.0
550.L6S232.s.6.sequence	32.82	32.82
10317.000010810	63.0	63.0
550.L6S114.s.6.sequence	32.47	32.47
550.L6S148.s.6.sequence	32.58	32.58
1841.T21312	22.0	22.0
1841.T21173	20.0	20.0
2010.2113	34.0	34.0
550.L6S283.s.6.sequence	32.97	32.97
1841.T20768	22.0	22.0
10317.000023666	38.0	38.0
10317.000003443	65.0	65.0
11052.1.24.14.rk.t	37.0	37.0
11052.4.7.14.rk.t	37.422	37.422
2024.final.MNIH41N.BFG10X.O	24.0	24.0
10317.000031497	48.0	48.0
10317.000003030	32.0	32.0
550.L6S278.s.6.sequence	32.95	32.95
10317.000012340	59.0	59.0
10317.000012341	72.0	72.0
1841.T21094	23.0	23.0
10317.000040545	39.0	39.0
1841.T21091	27.0	27.0
10317.000003819	53.0	53.0
1841.T21093	21.0	21.0
10317.000002841	38.0	38.0
550.L6S191.s.6.sequence	32.7	32.7
2024.final.MNIH59N.BFG10K.O	20.0	20.0
11052.2.4.14.rk.t	37.252	37.252
550.L5S239.s.5.sequence	31.95	31.95
2024.visit3.MNIH86NP.BFD10U.O	25.0	25.0
11052.2.16.14.rk.t	37.285	37.285
10317.000003367	72.0	72.0
1841.T20929	21.0	21.0
1841.T20924	22.0	22.0
1841.T20922	28.0	28.0
2024.visit4.MNIH18UP.BFE10W.O	22.0	22.0
1841.T20525	20.0	20.0
550.L5S198.s.5.sequence	33.52	33.52
2024.visit1.MNIH85NP.BFB113.O	20.0	20.0
2024.final.MNIH49N.BFG10M.O	22.0	22.0
2202.Saliva159	26.0	26.0
2202.Saliva158	26.0	26.0
10317.000002445	55.0	55.0
2202.Saliva151	26.0	26.0
2202.Saliva150	26.0	26.0
2202.Saliva153	26.0	26.0
2202.Saliva152	26.0	26.0
10317.000011377	34.0	34.0
2202.Saliva154	26.0	26.0
2202.Saliva157	26.0	26.0
11052.1.25.14.rk.t	37.0	37.0
11052.3.31.14.rk.t	37.403	37.403
10317.000013967	42.0	42.0
1841.T20852	22.0	22.0
1841.T20853	22.0	22.0
1841.T20851	21.0	21.0
1841.T20857	23.0	23.0
1841.T20322	19.0	19.0
550.L6S225.s.6.sequence	32.8	32.8
550.L6S275.s.6.sequence	32.94	32.94
2202.Saliva85	26.0	26.0
550.L6S33.s.6.sequence	32.22	32.22
10317.000069067	29.0	29.0
2202.Saliva19	26.0	26.0
2202.Saliva18	26.0	26.0
2202.Saliva271	26.0	26.0
2202.Saliva11	26.0	26.0
2202.Saliva10	26.0	26.0
2202.Saliva13	26.0	26.0
2202.Saliva12	26.0	26.0
2202.Saliva15	26.0	26.0
2010.3049	31.0	31.0
2202.Saliva16	26.0	26.0
1841.T21316	21.0	21.0
1841.T21317	22.0	22.0
1841.T21314	25.0	25.0
550.L6S248.s.6.sequence	32.86	32.86
550.L6S261.s.6.sequence	32.9	32.9
1841.T21310	21.0	21.0
1841.T21311	26.0	26.0
550.L5S272.s.5.sequence	32.06	32.06
550.L5S263.s.5.sequence	32.02	32.02
550.L6S130.s.6.sequence	32.52	32.52
1774.12.Oral.Puer	24.0	24.0
2024.visit5.MNIH31U.BFL10W.O	23.0	23.0
2010.2243	23.0	23.0
10317.000013874	21.0	21.0
2024.visit3.MNIH90NP.BFD10X.O	25.0	25.0
10317.000007040	32.0	32.0
10317.000072303	41.0	41.0
2024.visit5.MNIH57N.BFL113.O	24.0	24.0
1841.T20214	21.0	21.0
1841.T20215	20.0	20.0
11052.10.5.13.rk.t	36.0	36.0
1841.T20217	20.0	20.0
11052.11....13.rk.t	36.0	36.0
10317.000005237	55.0	55.0
11052.3.8.14.rk.t	37.34	37.34
550.L5S122.s.5.sequence	33.2	33.2
1841.T21451	20.0	20.0
550.L6S19.s.6.sequence	32.18	32.18
1774.61Oral24.10.09	35.0	35.0
10317.000068983	34.0	34.0
1841.T20213	22.0	22.0
550.L6S256.s.6.sequence	32.89	32.89
550.L5S180.s.5.sequence	33.48	33.48
1841.T21408	22.0	22.0
1841.T21403	23.0	23.0
2024.visit2.MNIH20UP.BFC10Y.O	20.0	20.0
1841.T21406	22.0	22.0
2024.visit3.MNIH01UP.BFD10N.O	21.0	21.0
10317.000013879	21.0	21.0
1841.T20689	21.0	21.0
1841.T20688	22.0	22.0
2024.visit1.MNIH14UP.BFB10U.O	18.0	18.0
550.L5S211.s.5.sequence	33.57	33.57
1841.T20683	20.0	20.0
550.L6S88.s.6.sequence	32.4	32.4
1841.T20681	36.0	36.0
1774.26Oral22.10.09	28.0	28.0
1841.T20687	20.0	20.0
10317.000005647	65.0	65.0
1841.T20685	21.0	21.0
1841.T20684	20.0	20.0
1841.T20356	22.0	22.0
2024.final.MNIH52N.BFG10F.O	22.0	22.0
2024.visit4.MNIH41N.BFE101.O	24.0	24.0
10317.000048955	40.0	40.0
1841.T20295	22.0	22.0
550.L5S271.s.5.sequence	32.06	32.06
1841.T21531	22.0	22.0
10317.000009092	35.0	35.0
10317.000002413	28.0	28.0
10317.000009161	66.0	66.0
10317.000023757	63.0	63.0
550.L6S313.s.6.sequence	33.06	33.06
550.L6S142.s.6.sequence	32.56	32.56
550.L5S105.s.5.sequence	33.16	33.16
1774.353.Oral.Puer	47.0	47.0
10317.000035444	46.0	46.0
1841.T20646	21.0	21.0
1841.T20358	37.0	37.0
10317.000052298	79.0	79.0
2024.visit2.MNIH60N.BFC10B.O	20.0	20.0
1841.T20643	20.0	20.0
10317.000009041	45.0	45.0
11052.10.28.13.rk.t	36.0	36.0
2202.Saliva86	26.0	26.0
10317.000065481	63.0	63.0
10317.000069857	35.0	35.0
1841.T20069	18.0	18.0
11052.10.2.13.rk.t	36.0	36.0
10317.000069858	35.0	35.0
550.L6S106.s.6.sequence	32.45	32.45
10317.000022446	51.0	51.0
10317.000079770	18.0	18.0
1841.T20598	21.0	21.0
1841.T20597	20.0	20.0
1841.T20593	20.0	20.0
10317.000038219	77.0	77.0
550.L6S305.s.6.sequence	33.03	33.03
1841.T20948	30.0	30.0
10317.000042900	59.0	59.0
2024.visit5.MNIH39U.BFL10T.O	39.0	39.0
10317.000049820	23.0	23.0
2024.visit2.MNIH83NP.BFC106.O	24.0	24.0
2010.1726	22.0	22.0
1841.T20267	37.0	37.0
550.L6S286.s.6.sequence	32.97	32.97
550.L6S105.s.6.sequence	32.45	32.45
550.L5S98.s.5.sequence	33.14	33.14
2024.visit1.MNIH06UP.BFB11M.O	36.0	36.0
550.L6S219.s.6.sequence	32.78	32.78
1841.T20467	18.0	18.0
550.L6S101.s.6.sequence	32.44	32.44
1841.T20469	27.0	27.0
10317.000002251	72.0	72.0
1841.T20261	30.0	30.0
11052.4.5.14.rk.t	37.416	37.416
10317.000028573	50.0	50.0
11052.11.2.13.rk.t	36.0	36.0
1841.T20945	20.0	20.0
2024.visit1.MNIH87NP.BFB115.O	25.0	25.0
10317.000013866	21.0	21.0
1841.T20947	37.0	37.0
550.L6S70.s.6.sequence	32.34	32.34
550.L5S129.s.5.sequence	33.25	33.25
1841.T20394	37.0	37.0
10317.000003033	41.0	41.0
1841.T20820	21.0	21.0
10317.000005891	55.0	55.0
550.L6S212.s.6.sequence	32.76	32.76
550.L6S55.s.6.sequence	32.3	32.3
10052.MG.O50	22.0	22.0
10052.MG.O51	19.0	19.0
1841.T20390	25.0	25.0
2024.final.MNIH64O.BFG11C.O	25.0	25.0
10317.000005649	65.0	65.0
1841.T21086	20.0	20.0
2202.Saliva170	26.0	26.0
11052.3.19.13.rk.t	36.0	36.0
1841.T21083	20.0	20.0
1841.T21081	27.0	27.0
10317.000063324	36.0	36.0
2024.visit5.MNIH02UP.BFL103.O	19.0	19.0
1841.T20829	20.0	20.0
1841.T21088	22.0	22.0
11052.1.16.14.rk.t	37.2	37.2
2024.visit1.MNIH01UP.BFB11S.O	21.0	21.0
10317.000068654	23.0	23.0
1841.T20397	25.0	25.0
1841.T21120	21.0	21.0
2202.Saliva223	26.0	26.0
1841.T20896	21.0	21.0
10317.000067226	28.0	28.0
10317.000002868	63.0	63.0
1841.T20285	20.0	20.0
550.L6S304.s.6.sequence	33.02	33.02
1841.T20913	30.0	30.0
2024.visit2.MNIH62O.BFC10G.O	31.0	31.0
1841.T20917	21.0	21.0
1841.T20892	20.0	20.0
1841.T20919	30.0	30.0
2024.visit5.MNIH34U.BFL116.O	22.0	22.0
1841.T20893	21.0	21.0
10317.000020707	37.0	37.0
550.L6S85.s.6.sequence	32.39	32.39
10317.000049765	66.0	66.0
2202.Saliva174	26.0	26.0
550.L5S244.s.5.sequence	31.97	31.97
2024.visit5.MNIH49N.BFL106.O	22.0	22.0
10317.000028941	45.0	45.0
1774.66Oral24.10.09	29.0	29.0
10317.000079412	47.0	47.0
2202.Saliva182	26.0	26.0
2202.Saliva183	26.0	26.0
1841.T20865	23.0	23.0
2202.Saliva181	26.0	26.0
2202.Saliva186	26.0	26.0
2202.Saliva187	26.0	26.0
2202.Saliva184	26.0	26.0
2202.Saliva185	26.0	26.0
1841.T20749	21.0	21.0
2202.Saliva188	26.0	26.0
550.L5S212.s.5.sequence	33.57	33.57
1841.T20869	23.0	23.0
1841.T20898	21.0	21.0
11052.11.25.13.rk.t	37.0	37.0
550.L6S244.s.6.sequence	32.85	32.85
550.L5S210.s.5.sequence	33.56	33.56
1841.T20899	20.0	20.0
1841.T20238	55.0	55.0
11052.3.3.14.rk.t	37.326	37.326
1841.T20725	20.0	20.0
550.L5S219.s.5.sequence	33.61	33.61
2024.birth.MNIH60N.BFF117.O	20.0	20.0
2024.visit1.MNIH97NP.BFB11J.O	28.0	28.0
10317.000048363	23.0	23.0
11052.2.27.14.rk.t	37.315	37.315
1841.T20729	36.0	36.0
1841.T21235	25.0	25.0
1774.221.Oral.Puer	35.0	35.0
10317.000004873	44.0	44.0
1841.T21320	20.0	20.0
1841.T21327	22.0	22.0
1841.T21325	21.0	21.0
1841.T20686	22.0	22.0
10317.000005259	28.0	28.0
550.L5S140.s.5.sequence	33.28	33.28
10317.000023039	59.0	59.0
10317.000004062	67.0	67.0
10317.000063384	40.0	40.0
1841.T20265	20.0	20.0
550.L6S95.s.6.sequence	32.42	32.42
10317.000072331	42.0	42.0
10317.000063419	36.0	36.0
2202.Saliva252	26.0	26.0
1841.T20283	20.0	20.0
11052.3.14.14.rk.t	37.0	37.0
550.L5S283.s.5.sequence	32.1	32.1
11052.3.6.14.rk.t	37.334	37.334
10317.000005220	40.0	40.0
550.L5S257.s.5.sequence	32.0	32.0
1841.T20842	20.0	20.0
2202.Saliva251	26.0	26.0
2202.Saliva256	26.0	26.0
11052.3.30.14.rk.t	37.4	37.4
10317.000066566	27.0	27.0
2202.Saliva257	26.0	26.0
550.L5S254.s.5.sequence	31.99	31.99
11052.1.26.14.rk.t	37.227	37.227
2024.final.MNIH97NP.BFG10R.O	28.0	28.0
1841.T21436	22.0	22.0
11052.12.25.13.rk.t	37.0	37.0
1841.T21433	22.0	22.0
2202.Saliva258	26.0	26.0
2010.2651	26.0	26.0
2024.visit3.MNIH88NP.BFD10V.O	27.0	27.0
1841.T21207	55.0	55.0
10317.000048391	21.0	21.0
1841.T20699	41.0	41.0
2010.2026	34.0	34.0
10317.000005072	62.0	62.0
1841.T20694	23.0	23.0
1841.T20696	22.0	22.0
1841.T20697	20.0	20.0
1841.T20690	21.0	21.0
1841.T20691	23.0	23.0
1841.T21201	20.0	20.0
1841.T20728	22.0	22.0
10317.000002771	60.0	60.0
1841.T21230	32.0	32.0
1841.T21425	20.0	20.0
1841.T20889	29.0	29.0
550.L6S245.s.6.sequence	32.86	32.86
10317.000047145	44.0	44.0
550.L6S118.s.6.sequence	32.48	32.48
1841.T21509	23.0	23.0
1841.T21508	21.0	21.0
1841.T20057	22.0	22.0
11052.12.20.13.rk.t	37.0	37.0
11052.4.3.14.rk.t	37.411	37.411
1841.T20580	22.0	22.0
1841.T20581	20.0	20.0
1841.T20583	23.0	23.0
550.L6S310.s.6.sequence	33.04	33.04
11052.3.27.14.rk.t	37.392	37.392
10317.000012312	46.0	46.0
1841.T20589	21.0	21.0
10317.000036681	35.0	35.0
550.L6S37.s.6.sequence	32.25	32.25
550.L5S102.s.5.sequence	33.15	33.15
10317.000015251	34.0	34.0
11052.3.9.14.rk.t	37.342	37.342
10317.000005164	60.0	60.0
10317.000013418	66.0	66.0
2024.visit3.MNIH49N.BFD103.O	22.0	22.0
550.L5S281.s.5.sequence	32.09	32.09
1841.T20438	19.0	19.0
550.L6S52.s.6.sequence	32.29	32.29
2024.visit3.MNIH48N.BFD10H.O	30.0	30.0
10317.000002864	63.0	63.0
1841.T21429	20.0	20.0
1841.T20677	20.0	20.0
1841.T20674	20.0	20.0
1841.T20678	21.0	21.0
2202.Saliva90	26.0	26.0
10317.000009641	85.0	85.0
2010.2827	23.0	23.0
2024.visit1.MNIH96NP.BFB11K.O	22.0	22.0
1841.T20477	18.0	18.0
1841.T20470	27.0	27.0
1841.T20478	19.0	19.0
2024.birth.MNIH84NP.BFF104.O	22.0	22.0
2024.visit4.MNIH51N.BFE10Y.O	21.0	21.0
550.L6S250.s.6.sequence	32.87	32.87
2010.1616	28.0	28.0
1841.T20587	22.0	22.0
10317.000020766	50.0	50.0
10317.000012330	48.0	48.0
2024.visit1.MNIH20UP.BFB104.O	20.0	20.0
10317.000023964	37.0	37.0
2024.visit3.MNIH52N.BFD104.O	22.0	22.0
10317.000002259	52.0	52.0
2202.Saliva160	26.0	26.0
1841.T21287	25.0	25.0
11052.1.28.14.rk.t	37.233	37.233
1774.436.Oral.Puer	20.0	20.0
550.L6S126.s.6.sequence	32.51	32.51
550.L5S145.s.5.sequence	33.3	33.3
10317.000003027	44.0	44.0
550.L6S216.s.6.sequence	32.77	32.77
1841.T20308	22.0	22.0
2024.visit1.MNIH83NP.BFB111.O	24.0	24.0
11052.11.21.13.rk.t	37.0	37.0
1841.T20309	21.0	21.0
2202.Saliva155	26.0	26.0
11052.11.14.13.rk.t	36.0	36.0
10317.000005813	31.0	31.0
10317.000005812	32.0	32.0
2024.visit2.MNIH96NP.BFC11M.O	22.0	22.0
10317.000003166	56.0	56.0
550.L6S15.s.6.sequence	32.17	32.17
550.L5S286.s.5.sequence	32.11	32.11
1774.298.Oral.Puer	56.0	56.0
550.L6S116.s.6.sequence	32.48	32.48
550.L5S170.s.5.sequence	33.45	33.45
2024.visit2.MNIH45N.BFC10X.O	19.0	19.0
550.L6S326.s.6.sequence	33.15	33.15
10317.000003949	51.0	51.0
1841.T21189	32.0	32.0
1841.T21188	33.0	33.0
1841.T21187	21.0	21.0
1841.T21185	25.0	25.0
1841.T21184	24.0	24.0
1841.T21183	20.0	20.0
1841.T21182	33.0	33.0
1841.T21181	33.0	33.0
1841.T21180	33.0	33.0
1841.T20904	28.0	28.0
1841.T20905	22.0	22.0
1841.T20902	33.0	33.0
1841.T20903	32.0	32.0
10317.000020604	36.0	36.0
11052.2.22.14.rk.t	37.301	37.301
1841.T20909	21.0	21.0
10317.000002037	30.0	30.0
1841.T20219	21.0	21.0
550.L6S113.s.6.sequence	32.47	32.47
10317.000049805	66.0	66.0
10317.000079784	21.0	21.0
10317.000079789	21.0	21.0
11052.4.4.14.rk.t	37.414	37.414
2202.Saliva198	26.0	26.0
2202.Saliva194	26.0	26.0
2202.Saliva191	26.0	26.0
2202.Saliva193	26.0	26.0
2202.Saliva192	26.0	26.0
11052.3.29.14.rk.t	37.0	37.0
550.L6S50.s.6.sequence	32.29	32.29
11052.2.8.14.rk.t	37.263	37.263
550.L5S201.s.5.sequence	33.53	33.53
550.L6S230.s.6.sequence	32.81	32.81
10317.000063192	38.0	38.0
2024.final.MNIH57N.BFG10N.infant.O	24.0	24.0
2024.visit4.MNIH86NP.BFE10M.O	25.0	25.0
2202.Saliva171	26.0	26.0
1841.T21052	23.0	23.0
1841.T21055	23.0	23.0
550.L5S111.s.5.sequence	33.17	33.17
550.L6S89.s.6.sequence	32.4	32.4
2024.visit5.MNIH06UP.BFL10Q.O	36.0	36.0
10317.000026058	60.0	60.0
10317.000013731	45.0	45.0
10317.000033567	25.0	25.0
1841.T21335	22.0	22.0
1841.T21330	20.0	20.0
1841.T21333	20.0	20.0
11052.3.13.14.rk.t	37.353	37.353
10317.000009367	72.0	72.0
10317.000036449	26.0	26.0
11052.1.23.14.rk.t	37.0	37.0
10317.000069139	34.0	34.0
2202.Saliva169	26.0	26.0
1841.T20279	21.0	21.0
1841.T20276	25.0	25.0
550.L6S165.s.6.sequence	32.63	32.63
10317.000007090	21.0	21.0
1841.T20273	21.0	21.0
1841.T21420	23.0	23.0
550.L6S217.s.6.sequence	32.77	32.77
10317.000017689	50.0	50.0
1841.T21423	19.0	19.0
2010.1664	22.0	22.0
11052.12.21.13.rk.t	37.0	37.0
10317.000023075	18.0	18.0
11052.2.10.14.rk.tA	37.0	37.0
11052.2.10.14.rk.tB	37.0	37.0
550.L6S207.s.6.sequence	32.75	32.75
10317.000013512	68.0	68.0
11052.10.19.13.rk.t	36.0	36.0
550.L6S187.s.6.sequence	32.69	32.69
2024.birth.MNIH94NP.BFF100.O	21.0	21.0
550.L6S223.s.6.sequence	32.8	32.8
10317.000005082	33.0	33.0
10317.000069031	22.0	22.0
1841.T20592	23.0	23.0
1841.T20591	21.0	21.0
2024.visit1.MNIH61O.BFB10F.O	36.0	36.0
550.L5S97.s.5.sequence	33.13	33.13
10317.000048383	59.0	59.0
10317.000004239	58.0	58.0
10317.000027728	63.0	63.0
550.L5S131.s.5.sequence	33.26	33.26
10317.000004865	53.0	53.0
2024.birth.MNIH55N.BFF109.O	34.0	34.0
10317.000007761	37.0	37.0
10317.000013888	19.0	19.0
550.L5S155.s.5.sequence	33.38	33.38
10317.000074719	22.0	22.0
550.L6S252.s.6.sequence	32.88	32.88
11052.2.23.14.rk.t	37.304	37.304
1841.T20233	30.0	30.0
2024.visit3.MNIH58N.BFD10F.O	18.0	18.0
10317.000017757	70.0	70.0
1841.T20231	21.0	21.0
1841.T21510	20.0	20.0
1841.T21511	41.0	41.0
1841.T21512	41.0	41.0
550.L5S143.s.5.sequence	33.29	33.29
1841.T20066	19.0	19.0
550.L6S146.s.6.sequence	32.57	32.57
550.L6S154.s.6.sequence	32.6	32.6
2024.visit2.MNIH34U.BFC11N.O	22.0	22.0
10317.000011360	74.0	74.0
10317.000048370	30.0	30.0
10317.000069115	29.0	29.0
2010.1446	25.0	25.0
10317.000007021	25.0	25.0
10317.000009756	25.0	25.0
11052.10.9.13.rk.t	36.0	36.0
2202.Saliva200	26.0	26.0
550.L5S169.s.5.sequence	33.45	33.45
2024.visit1.MNIH55N.BFB10I.O	34.0	34.0
11052.11.19.13.rk.t	37.0	37.0
11052.12.8.13.rk.t	37.0	37.0
550.L6S167.s.6.sequence	32.63	32.63
2202.Saliva238	26.0	26.0
10317.000015454	45.0	45.0
11052.12.15.13.rk.t	37.0	37.0
1841.T20282	21.0	21.0
1841.T20984	21.0	21.0
2024.visit1.MNIH99NP.BFB11Q.O	26.0	26.0
10317.000007135	21.0	21.0
10317.000007134	21.0	21.0
10317.000007130	39.0	39.0
10317.000007133	21.0	21.0
10317.000007132	21.0	21.0
550.L5S156.s.5.sequence	33.39	33.39
1774.397.Oral.Puer	57.0	57.0
2024.birth.MNIH54N.BFF103.O	28.0	28.0
550.L5S194.s.5.sequence	33.51	33.51
1774.L501.Oral.Puer	22.0	22.0
2024.visit5.MNIH96NP.BFL10S.O	22.0	22.0
1841.T20983	32.0	32.0
2024.visit3.MNIH83NP.BFD11C.O	24.0	24.0
1841.T20644	23.0	23.0
2024.visit5.MNIH81NP.BFL10V.O	20.0	20.0
1841.T20640	20.0	20.0
550.L6S26.s.6.sequence	32.2	32.2
550.L5S132.s.5.sequence	33.26	33.26
1841.T20649	21.0	21.0
11052.3.2.14.rk.t	37.323	37.323
1841.T20480	27.0	27.0
550.L6S90.s.6.sequence	32.41	32.41
10317.000015063	71.0	71.0
550.L5S141.s.5.sequence	33.29	33.29
1841.T20509	23.0	23.0
1841.T20286	21.0	21.0
2024.visit1.MNIH62O.BFB10W.O	31.0	31.0
550.L5S115.s.5.sequence	33.18	33.18
2010.1419	35.0	35.0
550.L5S261.s.5.sequence	32.01	32.01
1841.T20726	21.0	21.0
10317.000041370	42.0	42.0
11052.1.5.14.rk.t	37.17	37.17
10317.000028148	69.0	69.0
10317.000066828	29.0	29.0
1841.T20669	29.0	29.0
2024.visit2.MNIH43N.BFC10T.O	29.0	29.0
550.L6S129.s.6.sequence	32.52	32.52
10317.000003950	51.0	51.0
10317.000006971	61.0	61.0
550.L6S194.s.6.sequence	32.71	32.71
1841.T20963	19.0	19.0
550.L6S121.s.6.sequence	32.49	32.49
550.L6S181.s.6.sequence	32.67	32.67
1774.56Oral23.10.09	23.0	23.0
550.L6S79.s.6.sequence	32.37	32.37
1841.T20254	19.0	19.0
550.L6S239.s.6.sequence	32.84	32.84
10317.000032934	50.0	50.0
2024.visit4.MNIH16UP.BFE10D.O	18.0	18.0
10317.000049133	49.0	49.0
1841.T20882	20.0	20.0
11052.2.6.14.rk.t	37.258	37.258
10317.000002207	53.0	53.0
550.L6S60.s.6.sequence	32.32	32.32
550.L6S226.s.6.sequence	32.8	32.8
2024.visit4.MNIH59N.BFE105.O	20.0	20.0
550.L5S149.s.5.sequence	33.33	33.33
1841.T20969	20.0	20.0
10317.000007676	44.0	44.0
10317.000007674	40.0	40.0
1774.254.Oral.Puer	31.0	31.0
2024.visit2.MNIH54N.BFC10R.O	28.0	28.0
2202.Saliva218	26.0	26.0
1841.T21190	26.0	26.0
1841.T21191	30.0	30.0
1841.T21192	28.0	28.0
1841.T21194	25.0	25.0
1841.T21195	24.0	24.0
1841.T21197	55.0	55.0
10317.000020343	72.0	72.0
2202.Saliva201	26.0	26.0
10317.000035233	69.0	69.0
550.L5S110.s.5.sequence	33.17	33.17
10317.000005162	29.0	29.0
10317.000049744	64.0	64.0
2202.Saliva202	26.0	26.0
550.L6S3.s.6.sequence	32.12	32.12
11052.1.31.14.rk.t	37.241	37.241
1841.T20809	21.0	21.0
1841.T20805	21.0	21.0
1841.T20804	21.0	21.0
1841.T20807	41.0	41.0
1841.T20801	20.0	20.0
1841.T20800	20.0	20.0
1841.T21159	21.0	21.0
2202.Saliva209	26.0	26.0
10317.000006788	62.0	62.0
1841.T21280	25.0	25.0
2010.1401	27.0	27.0
10317.000005429	36.0	36.0
550.L5S144.s.5.sequence	33.29	33.29
10317.000009674	51.0	51.0
2202.Saliva298	26.0	26.0
2024.visit4.MNIH81NP.BFE10H.O	20.0	20.0
2010.3010	31.0	31.0
550.L6S107.s.6.sequence	32.45	32.45
550.L5S208.s.5.sequence	33.55	33.55
1841.T21045	20.0	20.0
550.L5S204.s.5.sequence	33.54	33.54
2024.visit5.MNIH87NP.BFL10U.O	25.0	25.0
1841.T20243	28.0	28.0
1841.T20242	32.0	32.0
2202.Saliva276	26.0	26.0
1841.T20240	21.0	21.0
2202.Saliva272	26.0	26.0
1841.T20244	22.0	22.0
2202.Saliva278	26.0	26.0
2024.final.MNIH92NP.BFG10Y.O	31.0	31.0
550.L6S202.s.6.sequence	32.73	32.73
1841.T20074	27.0	27.0
10317.000023058	73.0	73.0
2202.Saliva116	26.0	26.0
11052.3.23.14.rk.t	37.381	37.381
1841.T21216	28.0	28.0
550.L5S121.s.5.sequence	33.2	33.2
2024.visit1.MNIH81NP.BFB10X.O	20.0	20.0
550.L6S178.s.6.sequence	32.66	32.66
1841.T21455	22.0	22.0
11052.10.22.13.rk.t	36.0	36.0
10317.000022188	56.0	56.0
2010.2293	23.0	23.0
550.L6S294.s.6.sequence	32.99	32.99
1774.463.Oral.Puer	30.0	30.0
2024.visit5.MNIH90NP.BFL10F.O	25.0	25.0
550.L6S317.s.6.sequence	33.07	33.07
2202.Saliva2	26.0	26.0
550.L5S175.s.5.sequence	33.46	33.46
10317.000052300	35.0	35.0
550.L5S157.s.5.sequence	33.39	33.39
2024.birth.MNIH97NP.BFF10L.O	28.0	28.0
10317.000052308	73.0	73.0
550.L6S172.s.6.sequence	32.65	32.65
10317.000003551	71.0	71.0
1841.T21043	22.0	22.0
550.L5S199.s.5.sequence	33.53	33.53
550.L5S249.s.5.sequence	31.98	31.98
1841.T21296	24.0	24.0
1841.T21298	33.0	33.0
550.L5S173.s.5.sequence	33.46	33.46
2010.1287	34.0	34.0
10317.000002940	66.0	66.0
1841.T21044	23.0	23.0
1841.T20079	22.0	22.0
2024.visit3.MNIH50N.BFD10I.O	25.0	25.0
1774.276.Oral.Puer	41.0	41.0
1841.T21048	23.0	23.0
10317.000033592	46.0	46.0
10317.000033593	44.0	44.0
10317.000028917	72.0	72.0
10317.000002881	44.0	44.0
550.L6S81.s.6.sequence	32.38	32.38
550.L6S266.s.6.sequence	32.92	32.92
2202.Saliva274	26.0	26.0
550.L6S145.s.6.sequence	32.57	32.57
2202.Saliva275	26.0	26.0
10317.000008203	47.0	47.0
10317.000013869	20.0	20.0
2202.Saliva277	26.0	26.0
550.L5S238.s.5.sequence	31.95	31.95
10317.000015277	62.0	62.0
2202.Saliva216	26.0	26.0
10317.000060263	66.0	66.0
2202.Saliva273	26.0	26.0
550.L6S279.s.6.sequence	32.95	32.95
1841.T20803	22.0	22.0
1774.441.Oral.Puer	40.0	40.0
10317.000007126	21.0	21.0
10317.000007125	21.0	21.0
10317.000004849	67.0	67.0
550.L5S142.s.5.sequence	33.29	33.29
550.L6S152.s.6.sequence	32.59	32.59
1841.T21020	22.0	22.0
550.L5S113.s.5.sequence	33.18	33.18
2024.final.MNIH81NP.BFG10C.O	20.0	20.0
550.L5S108.s.5.sequence	33.16	33.16
2010.1714	22.0	22.0
2202.Saliva279	26.0	26.0
550.L6S255.s.6.sequence	32.89	32.89
550.L6S30.s.6.sequence	32.21	32.21
10317.000014938	73.0	73.0
10317.000068137	40.0	40.0
1841.T20658	21.0	21.0
1841.T20659	20.0	20.0
2202.Saliva283	26.0	26.0
550.L6S92.s.6.sequence	32.41	32.41
1841.T20651	21.0	21.0
1841.T20652	22.0	22.0
1841.T20654	21.0	21.0
1841.T20656	21.0	21.0
11052.2.28.14.rk.t	37.0	37.0
10317.000021308	67.0	67.0
1841.T21498	22.0	22.0
2010.1622	22.0	22.0
10052.MG.O25	35.0	35.0
2010.2776	24.0	24.0
10052.MG.O22	23.0	23.0
10317.000006914	50.0	50.0
2024.visit2.MNIH55N.BFC10S.O	34.0	34.0
10317.000014055	42.0	42.0
10317.000030968	54.0	54.0
10317.000017778	33.0	33.0
10317.000006852	73.0	73.0
550.L6S49.s.6.sequence	32.28	32.28
550.L6S185.s.6.sequence	32.68	32.68
2024.visit4.MNIH62O.BFE10C.O	31.0	31.0
550.L6S168.s.6.sequence	32.64	32.64
10317.000015181	55.0	55.0
1774.375.Oral.Puer	52.0	52.0
1841.T20802	20.0	20.0
550.L6S23.s.6.sequence	32.19	32.19
2024.birth.MNIH50N.BFF106.O	25.0	25.0
2010.1565	35.0	35.0
550.L5S189.s.5.sequence	33.5	33.5
2202.Saliva59	26.0	26.0
2202.Saliva58	26.0	26.0
10317.000041344	46.0	46.0
550.L6S98.s.6.sequence	32.43	32.43
1841.T20540	23.0	23.0
2202.Saliva55	26.0	26.0
550.L5S112.s.5.sequence	33.18	33.18
2202.Saliva54	26.0	26.0
2202.Saliva57	26.0	26.0
10317.000032820	47.0	47.0
550.L6S159.s.6.sequence	32.61	32.61
550.L6S233.s.6.sequence	32.82	32.82
10317.000063288	29.0	29.0
2024.visit2.MNIH59N.BFC107.O	20.0	20.0
10317.000003321	68.0	68.0
550.L5S179.s.5.sequence	33.48	33.48
10317.000065584	59.0	59.0
550.L6S40.s.6.sequence	32.26	32.26
10317.000005901	29.0	29.0
550.L6S8.s.6.sequence	32.14	32.14
11052.3.26.14.rk.t	37.389	37.389
10317.000049751	37.0	37.0
10317.000049752	37.0	37.0
1841.T20765b	21.0	21.0
2024.visit4.MNIH06UP.BFE119.O	36.0	36.0
10317.000004931	63.0	63.0
550.L6S122.s.6.sequence	32.49	32.49
550.L6S120.s.6.sequence	32.49	32.49
11052.3.17.14.rk.t	37.364	37.364
550.L6S272.s.6.sequence	32.94	32.94
1841.T20818	20.0	20.0
1841.T20819	21.0	21.0
1841.T20816	22.0	22.0
1841.T20817	21.0	21.0
1841.T20814	22.0	22.0
1841.T20815	20.0	20.0
1841.T20812	21.0	21.0
1841.T20360	21.0	21.0
1841.T20361	20.0	20.0
2024.final.MNIH55N.BFG10D.O	34.0	34.0
550.L5S167.s.5.sequence	33.44	33.44
550.L6S75.s.6.sequence	32.36	32.36
1774.342.Oral.Puer	45.0	45.0
1774.L514.Oral.Puer	34.0	34.0
550.L5S246.s.5.sequence	31.97	31.97
2024.final.MNIH56N.BFG11A.O	21.0	21.0
10317.000069158	60.0	60.0
10317.000007684	37.0	37.0
1841.T20257	21.0	21.0
2202.Saliva263	26.0	26.0
2202.Saliva262	26.0	26.0
2202.Saliva261	26.0	26.0
550.L6S188.s.6.sequence	32.69	32.69
1841.T21457	23.0	23.0
2202.Saliva269	26.0	26.0
11052.11.16.13.rk.t	36.0	36.0
2202.Saliva270	26.0	26.0
1841.T20529	20.0	20.0
2024.visit2.MNIH21U.BFC11G.O	20.0	20.0
11052.10.15.13.rk.t	36.0	36.0
1841.T21453	20.0	20.0
1774.430.Oral.Puer	43.0	43.0
1841.T21452	20.0	20.0
1841.T21594	29.0	29.0
2010.3130	31.0	31.0
11052.2.3.14.rk.t	37.249	37.249
1841.T20325	37.0	37.0
2202.Saliva222	26.0	26.0
10317.000023912	64.0	64.0
550.L6S68.s.6.sequence	32.34	32.34
2010.2515	26.0	26.0
1841.T21443	20.0	20.0
1841.T21441	20.0	20.0
1841.T21392	55.0	55.0
1841.T21448	22.0	22.0
1841.T21449	23.0	23.0
10317.000052311	79.0	79.0
10317.000052316	63.0	63.0
1841.T20326	32.0	32.0
1841.T21131	33.0	33.0
2024.visit3.MNIH43N.BFD10B.O	29.0	29.0
550.L6S184.s.6.sequence	32.68	32.68
2024.visit3.MNIH62O.BFD10L.O	31.0	31.0
1774.474.Oral.Puer	25.0	25.0
1841.T21284	26.0	26.0
550.L5S162.s.5.sequence	33.41	33.41
550.L6S115.s.6.sequence	32.48	32.48
2010.2601	21.0	21.0
10317.000015218	46.0	46.0
2024.visit4.MNIH05UP.BFE118.O	23.0	23.0
10317.000015119	28.0	28.0
550.L6S316.s.6.sequence	33.07	33.07
550.L5S255.s.5.sequence	32.0	32.0
2202.Saliva280	26.0	26.0
10317.000013183	48.0	48.0
550.L5S262.s.5.sequence	32.01	32.01
550.L5S242.s.5.sequence	31.96	31.96
11052.4.1.14.rk.t	37.405	37.405
2202.Saliva227	26.0	26.0
2024.visit5.MNIH61O.BFL104.O	36.0	36.0
11052.2.19.14.rk.tB	37.0	37.0
11052.1.8.14.rk.t	37.178	37.178
2202.Saliva284	26.0	26.0
11052.2.19.14.rk.tA	37.0	37.0
2024.visit3.MNIH47N.BFD108.O	28.0	28.0
2024.birth.MNIH99NP.BFF115.O	26.0	26.0
10317.000005292	69.0	69.0
550.L6S147.s.6.sequence	32.58	32.58
550.L6S271.s.6.sequence	32.93	32.93
10317.000015504	57.0	57.0
550.L6S290.s.6.sequence	32.98	32.98
550.L6S292.s.6.sequence	32.99	32.99
10317.000026509	75.0	75.0
2024.visit5.MNIH55N.BFL109.O	34.0	34.0
2024.birth.MNIH82NP.BFF10I.O	18.0	18.0
550.L6S157.s.6.sequence	32.61	32.61
10317.000003298	61.0	61.0
2024.visit3.MNIH54N.BFD101.O	28.0	28.0
550.L6S320.s.6.sequence	33.08	33.08
10317.000032637	63.0	63.0
1841.T21289	37.0	37.0
550.L6S287.s.6.sequence	32.98	32.98
1841.T20511	20.0	20.0
1841.T20912	20.0	20.0
1841.T20719	21.0	21.0
1841.T20718	20.0	20.0
10317.000009181	63.0	63.0
550.L5S184.s.5.sequence	33.49	33.49
1841.T20713	21.0	21.0
550.L5S274.s.5.sequence	32.07	32.07
1841.T20714	23.0	23.0
1841.T20717	21.0	21.0
1841.T20716	21.0	21.0
11052.12.27.13.rk.t	37.0	37.0
550.L5S259.s.5.sequence	32.01	32.01
550.L6S315.s.6.sequence	33.06	33.06
10317.000015462	69.0	69.0
11052.1.4.14.rk.t	37.167	37.167
1774.309.Oral.Puer	50.0	50.0
1841.T20625	22.0	22.0
1841.T20624	36.0	36.0
1841.T20627	22.0	22.0
1841.T20626	22.0	22.0
1841.T20623	23.0	23.0
2202.Saliva132	26.0	26.0
2010.1652	28.0	28.0
2010.1875	23.0	23.0
550.L6S327.s.6.sequence	33.15	33.15
550.L5S190.s.5.sequence	33.51	33.51
10317.000023127	40.0	40.0
10052.MG.O10	40.0	40.0
2024.visit1.MNIH49N.BFB10A.O	22.0	22.0
10317.000009539	53.0	53.0
10052.MG.O14	47.0	47.0
10052.MG.O16	45.0	45.0
2010.1473	35.0	35.0
10317.000001454	29.0	29.0
550.L6S234.s.6.sequence	32.83	32.83
550.L5S258.s.5.sequence	32.0	32.0
1841.T20533	21.0	21.0
1841.T20532	22.0	22.0
1841.T20535	22.0	22.0
1841.T20534	20.0	20.0
1841.T20536	21.0	21.0
1841.T20539	21.0	21.0
10317.000066840	27.0	27.0
550.L6S5.s.6.sequence	32.13	32.13
550.L6S267.s.6.sequence	32.92	32.92
1841.T21355	30.0	30.0
10317.000049731	36.0	36.0
2024.visit2.MNIH58N.BFC100.O	18.0	18.0
11052.12.11.13.rk.t	37.0	37.0
10317.000003087	53.0	53.0
10317.000003557	48.0	48.0
11052.2.5.14.rk.t	37.255	37.255
1841.T20395	32.0	32.0
550.L6S61.s.6.sequence	32.32	32.32
2024.visit1.MNIH54N.BFB10H.O	28.0	28.0
2024.final.MNIH59N.BFG10K.infant.O	20.0	20.0
10317.000068815	23.0	23.0
2202.Saliva231	26.0	26.0
550.L6S4.s.6.sequence	32.12	32.12
2024.visit1.MNIH37U.BFB10S.O	20.0	20.0
2202.Saliva266	26.0	26.0
1841.T20772	23.0	23.0
2202.Saliva239	26.0	26.0
550.L5S200.s.5.sequence	33.53	33.53
10317.000014159	54.0	54.0
10317.000033106	38.0	38.0
10317.000004921	34.0	34.0
10317.000063276	30.0	30.0
1841.T20520	21.0	21.0
10317.000003332	75.0	75.0
10317.000002821	37.0	37.0
1841.T20693	21.0	21.0
10317.000033127	66.0	66.0
2024.visit4.MNIH47N.BFE107.O	28.0	28.0
550.L6S123.s.6.sequence	32.5	32.5
1841.T20527	20.0	20.0
550.L6S270.s.6.sequence	32.93	32.93
2024.final.MNIH20UP.BFG106.O	20.0	20.0
11052.9.30.13.rk.t	36.0	36.0
1841.T20993	25.0	25.0
550.L6S206.s.6.sequence	32.74	32.74
10317.000005575	33.0	33.0
550.L5S195.s.5.sequence	33.52	33.52
10317.000079777	18.0	18.0
10317.000079774	18.0	18.0
550.L6S133.s.6.sequence	32.53	32.53
1841.T20447	19.0	19.0
550.L6S94.s.6.sequence	32.42	32.42
1841.T20446	27.0	27.0
550.L6S204.s.6.sequence	32.74	32.74
1841.T20866	20.0	20.0
1841.T20245	20.0	20.0
550.L5S230.s.5.sequence	33.64	33.64
11052.2.11.14.rk.tB	37.0	37.0
1841.T20992	20.0	20.0
10317.000003422	38.0	38.0
10317.000007088	21.0	21.0
1841.T20823	22.0	22.0
1841.T20821	29.0	29.0
1841.T20396	20.0	20.0
1841.T20827	20.0	20.0
1841.T20828	20.0	20.0
10317.000023862	51.0	51.0
1841.T20860	20.0	20.0
1841.T21068	23.0	23.0
1841.T21063	27.0	27.0
2202.Saliva7	26.0	26.0
2202.Saliva253	26.0	26.0
11052.10.17.13.rk.t	36.0	36.0
2202.Saliva220	26.0	26.0
550.L5S206.s.5.sequence	33.55	33.55
2202.Saliva255	26.0	26.0
550.L5S270.s.5.sequence	32.06	32.06
2202.Saliva225	26.0	26.0
10317.000003205	56.0	56.0
2024.visit2.MNIH94NP.BFC119.O	21.0	21.0
2202.Saliva224	26.0	26.0
10317.000068779	27.0	27.0
10317.000022374	22.0	22.0
2010.3104	31.0	31.0
10317.000022373	61.0	61.0
1841.T20599	36.0	36.0
550.L6S269.s.6.sequence	32.92	32.92
550.L5S236.s.5.sequence	31.94	31.94
1841.T21472	27.0	27.0
1841.T21471	27.0	27.0
1841.T21475	23.0	23.0
1841.T20298	20.0	20.0
550.L5S268.s.5.sequence	32.05	32.05
550.L5S256.s.5.sequence	32.0	32.0
2024.visit4.MNIH58N.BFE113.O	18.0	18.0
10317.000002794	54.0	54.0
10317.000003720	54.0	54.0
1841.T20332	20.0	20.0
550.L6S87.s.6.sequence	32.4	32.4
550.L6S125.s.6.sequence	32.51	32.51
550.L5S165.s.5.sequence	33.42	33.42
550.L6S127.s.6.sequence	32.51	32.51
1841.T21271	28.0	28.0
1841.T21275	30.0	30.0
1841.T21277	19.0	19.0
550.L6S195.s.6.sequence	32.71	32.71
550.L6S325.s.6.sequence	33.14	33.14
10317.000002688	47.0	47.0
550.L6S69.s.6.sequence	32.34	32.34
550.L6S291.s.6.sequence	32.98	32.98
10317.000009081	24.0	24.0
550.L5S275.s.5.sequence	32.07	32.07
1841.T21386	21.0	21.0
1774.243.Oral.Puer	36.0	36.0
2024.visit2.MNIH81NP.BFC104.O	20.0	20.0
550.L6S73.s.6.sequence	32.35	32.35
550.L5S182.s.5.sequence	33.48	33.48
1841.T20600	21.0	21.0
10317.000007107	22.0	22.0
10317.000007100	21.0	21.0
10317.000007101	21.0	21.0
1774.1.Oral.Puer	37.0	37.0
11052.12.18.13.rk.t	37.0	37.0
10317.000007109	60.0	60.0
10317.000003440	50.0	50.0
2024.birth.MNIH83NP.BFF111.O	24.0	24.0
10317.000002646	43.0	43.0
1841.T21430	22.0	22.0
550.L6S197.s.6.sequence	32.72	32.72
1841.T21490	27.0	27.0
2202.Saliva235	26.0	26.0
1841.T21492	22.0	22.0
1841.T21494	22.0	22.0
550.L6S66.s.6.sequence	32.33	32.33
10317.000045010	76.0	76.0
11052.2.7.14.rk.t	37.26	37.26
1841.T20708	29.0	29.0
10317.000013998	67.0	67.0
1841.T21103	30.0	30.0
1841.T20701	22.0	22.0
11052.12.30.13.rk.t	37.0	37.0
1841.T21102	22.0	22.0
2202.Saliva236	26.0	26.0
10317.000029616	37.0	37.0
10317.000049749	37.0	37.0
11052.11.7.13.rk.tB	36.0	36.0
10317.000015327	35.0	35.0
11052.11.7.13.rk.tA	36.0	36.0
2202.Saliva237	26.0	26.0
2024.visit4.MNIH60N.BFE114.O	20.0	20.0
10317.000015213	33.0	33.0
1841.T20638	20.0	20.0
1841.T20639	22.0	22.0
1841.T20636	20.0	20.0
1841.T20634	20.0	20.0
1841.T20632	41.0	41.0
2202.Saliva234	26.0	26.0
1841.T20630	21.0	21.0
2024.visit1.MNIH05UP.BFB11L.O	23.0	23.0
10317.000049969	46.0	46.0
2024.birth.MNIH02UP.BFF10F.O	19.0	19.0
2010.1864	23.0	23.0
1841.T21108	21.0	21.0
2202.Saliva83	26.0	26.0
1841.T21241	22.0	22.0
1774.320.Oral.Puer	45.0	45.0
2010.1461	34.0	34.0
2024.visit5.MNIH86NP.BFL10D.O	25.0	25.0
550.L5S250.s.5.sequence	31.98	31.98
1841.T21366	28.0	28.0
550.L5S118.s.5.sequence	33.19	33.19
2024.visit2.MNIH82NP.BFC105.O	18.0	18.0
1841.T20523	21.0	21.0
11052.RK.Tong.10.23.2008	36.0	36.0
10317.000027738	53.0	53.0
1841.T20524	22.0	22.0
1841.T21357	37.0	37.0
10317.000066852	27.0	27.0
1841.T20528	20.0	20.0
550.L5S135.s.5.sequence	33.27	33.27
10317.000033558	67.0	67.0
2024.visit2.MNIH01UP.BFC11I.O	21.0	21.0
2024.visit5.MNIH16UP.BFL10I.O	18.0	18.0
10317.000002248	59.0	59.0
2024.birth.MNIH56N.BFF118.O	21.0	21.0
550.L5S159.s.5.sequence	33.4	33.4
2010.1515	34.0	34.0
1841.T21324	20.0	20.0
550.L6S200.s.6.sequence	32.72	32.72
11052.12.31.13.rk.t	37.0	37.0
11052.3.25.14.rk.t	37.386	37.386
550.L5S158.s.5.sequence	33.4	33.4
10317.000048361	65.0	65.0
